Ichiro Suzuki 	SEA 	162	680	74	214	30	3	6	43	45	86	42	9	0.315	0.359	0.394	0.754
Derek Jeter 	NYY 	157	663	111	179	30	3	10	67	63	106	18	5	0.270	0.340	0.370	0.710
Michael Young 	TEX 	157	656	99	186	36	3	21	91	50	115	4	2	0.284	0.330	0.444	0.774
Juan Pierre 	CWS 	160	651	96	179	18	3	1	47	45	47	68	18	0.275	0.341	0.316	0.657
Rickie Weeks 	MIL 	160	651	112	175	32	4	29	83	76	184	11	4	0.269	0.366	0.464	0.830
Miguel Tejada 	SF 	156	636	71	171	26	0	15	71	30	67	2	0	0.269	0.312	0.381	0.692
Marco Scutaro 	BOS 	150	632	92	174	38	0	11	56	53	71	5	4	0.275	0.333	0.388	0.721
Nick Markakis 	BAL 	160	629	79	187	45	3	12	60	73	93	7	2	0.297	0.370	0.436	0.805
Denard Span 	MIN 	153	629	85	166	24	10	3	58	60	74	26	4	0.264	0.331	0.348	0.679
Robinson Cano 	NYY 	160	626	103	200	41	3	29	109	57	77	3	2	0.319	0.381	0.534	0.914
Brandon Phillips 	CIN 	155	626	100	172	33	5	18	59	46	83	16	12	0.275	0.332	0.430	0.762
Ryan Braun 	MIL 	157	619	101	188	45	1	25	103	56	105	14	3	0.304	0.366	0.501	0.866
Austin Jackson 	DET 	151	618	103	181	34	10	4	41	47	170	27	6	0.293	0.345	0.400	0.745
Howie Kendrick 	LAA 	158	616	67	172	41	4	10	75	28	94	14	4	0.279	0.313	0.407	0.721
Hunter Pence 	HOU 	156	614	93	173	29	3	25	91	41	105	18	9	0.282	0.325	0.461	0.786
Chase Headley 	SD 	161	610	77	161	29	3	11	58	56	139	17	5	0.264	0.327	0.375	0.702
Casey McGehee 	MIL 	157	610	70	174	38	1	23	104	50	102	1	1	0.285	0.337	0.464	0.801
Michael Cuddyer 	MIN 	157	609	93	165	37	5	14	81	58	93	7	3	0.271	0.336	0.417	0.753
Carlos Lee 	HOU 	157	605	67	149	29	1	24	89	37	59	3	3	0.246	0.291	0.417	0.708
Chone Figgins 	SEA 	161	602	62	156	21	2	1	35	74	114	42	15	0.259	0.340	0.306	0.646
Matt Kemp 	LAD 	162	602	82	150	25	6	28	89	53	170	19	15	0.249	0.310	0.450	0.760
Mark Teixeira 	NYY 	158	601	113	154	36	0	33	108	93	122	0	1	0.256	0.365	0.481	0.846
Carl Crawford 	BOS 	154	600	110	184	30	13	19	90	46	104	47	10	0.307	0.356	0.495	0.851
Martin Prado 	ATL 	140	599	100	184	40	3	15	66	40	86	5	3	0.307	0.350	0.459	0.809
Matt Holliday 	STL 	158	596	95	186	45	1	28	103	69	93	9	5	0.312	0.390	0.532	0.922
Billy Butler 	KC 	158	595	77	189	45	0	15	78	69	78	0	0	0.318	0.388	0.469	0.857
Alex Gonzalez 	ATL 	157	595	74	149	42	3	23	88	31	118	1	2	0.250	0.294	0.447	0.741
Jose Lopez 	COL 	150	593	49	142	29	0	10	58	23	66	3	2	0.239	0.270	0.339	0.609
Vladimir Guerrero 	BAL 	152	593	83	178	27	1	29	115	35	60	4	5	0.300	0.345	0.496	0.841
Garrett Jones 	PIT 	158	592	64	146	34	1	21	86	53	123	7	3	0.247	0.306	0.414	0.720
Adrian Gonzalez 	BOS 	160	591	87	176	33	0	31	101	93	114	0	0	0.298	0.393	0.511	0.904
Vernon Wells 	LAA 	157	590	79	161	44	3	31	88	50	84	6	4	0.273	0.331	0.515	0.847
Adrian Beltre 	TEX 	154	589	84	189	49	2	28	102	40	82	2	1	0.321	0.365	0.553	0.919
Dan Uggla 	ATL 	159	589	100	169	31	0	33	105	78	149	4	1	0.287	0.369	0.508	0.877
Elvis Andrus 	TEX 	148	588	88	156	15	3	0	35	64	96	32	15	0.265	0.342	0.301	0.643
James Loney 	LAD 	161	588	67	157	41	2	10	88	52	95	10	5	0.267	0.329	0.395	0.723
Shane Victorino 	PHI 	147	587	84	152	26	10	18	69	53	79	34	6	0.259	0.327	0.429	0.756
Carlos Gonzalez 	COL 	145	587	111	197	34	9	34	117	40	135	26	8	0.336	0.376	0.598	0.974
David Wright 	NYM 	157	587	87	166	36	3	29	103	69	161	19	11	0.283	0.354	0.503	0.856
Albert Pujols 	STL 	159	587	115	183	39	1	42	118	103	76	14	4	0.312	0.414	0.596	1.011
Ryan Theriot 	STL 	150	586	72	158	15	2	2	29	41	74	20	9	0.270	0.321	0.312	0.633
Kelly Johnson 	ARI 	154	585	93	166	36	5	26	71	79	148	13	7	0.284	0.370	0.496	0.865
Alexei Ramirez 	CWS 	156	585	83	165	29	2	18	70	27	82	13	8	0.282	0.313	0.431	0.744
Chris Young 	ARI 	156	584	94	150	33	0	27	91	74	145	28	7	0.257	0.341	0.452	0.793
Ty Wigginton 	COL 	154	581	63	144	29	1	22	76	50	116	0	1	0.248	0.312	0.415	0.727
Adam Jones 	BAL 	149	581	76	165	25	5	19	69	23	119	7	7	0.284	0.325	0.442	0.767
Marlon Byrd 	CHC 	152	580	84	170	39	2	12	66	31	98	5	1	0.293	0.346	0.429	0.775
Angel Pagan 	NYM 	151	579	80	168	31	7	11	69	44	97	37	9	0.290	0.340	0.425	0.765
Prince Fielder 	MIL 	161	578	94	151	25	0	32	83	114	138	1	0	0.261	0.401	0.471	0.871
Evan Longoria 	TB 	151	574	96	169	46	5	22	104	72	124	15	5	0.294	0.372	0.507	0.879
Bobby Abreu 	LAA 	154	573	88	146	41	1	20	78	87	132	24	10	0.255	0.352	0.435	0.787
Torii Hunter 	LAA 	152	573	76	161	36	0	23	90	61	106	9	12	0.281	0.354	0.464	0.819
Gaby Sanchez 	FLA 	151	572	72	156	37	3	19	85	57	101	5	0	0.273	0.341	0.448	0.788
Delmon Young 	MIN 	153	570	77	170	46	1	21	112	28	81	5	4	0.298	0.333	0.493	0.826
Andrew McCutchen 	PIT 	154	570	94	163	35	5	16	56	70	89	33	10	0.286	0.365	0.449	0.814
Aubrey Huff 	SF 	157	569	100	165	35	5	26	86	83	91	7	0	0.290	0.385	0.506	0.891
Adam Lind 	TOR 	150	569	57	135	32	3	23	72	38	144	0	0	0.237	0.287	0.425	0.712
Jose Bautista 	TOR 	161	569	109	148	35	3	54	124	100	116	9	2	0.260	0.378	0.617	0.995
Franklin Gutierrez 	SEA 	152	568	61	139	25	3	12	64	50	137	25	3	0.245	0.303	0.363	0.666
Alex Rios 	CWS 	147	567	89	161	29	3	21	88	38	93	34	14	0.284	0.334	0.457	0.791
Nick Swisher 	NYY 	150	566	91	163	33	3	29	89	58	139	1	2	0.288	0.359	0.511	0.870
Stephen Drew 	ARI 	151	565	83	157	33	12	15	61	62	108	10	5	0.278	0.352	0.458	0.810
Jose Reyes 	NYM 	133	563	83	159	29	10	11	54	31	63	30	10	0.282	0.321	0.428	0.749
Pablo Sandoval 	SF 	152	563	61	151	34	3	13	63	47	81	3	2	0.268	0.323	0.409	0.732
Alberto Callaspo 	LAA 	146	562	61	149	27	2	10	56	31	42	5	3	0.265	0.302	0.374	0.675
Raul Ibanez 	PHI 	155	561	75	154	37	5	16	83	68	108	4	3	0.275	0.349	0.444	0.793
Adam LaRoche 	WAS 	151	560	75	146	37	2	25	100	48	172	0	1	0.261	0.320	0.468	0.788
Corey Hart 	MIL 	145	558	91	158	34	4	31	102	45	140	7	6	0.283	0.340	0.525	0.865
Adam Dunn 	CWS 	158	558	85	145	36	2	38	103	77	199	0	1	0.260	0.356	0.536	0.892
Yuniesky Betancourt 	MIL 	151	556	60	144	29	2	16	78	23	64	2	3	0.259	0.288	0.405	0.692
Daric Barton 	OAK 	159	556	79	152	33	5	10	57	110	102	7	3	0.273	0.393	0.405	0.798
Jayson Werth 	WAS 	156	554	106	164	46	2	27	85	82	147	13	3	0.296	0.388	0.532	0.921
Placido Polanco 	PHI 	132	554	76	165	27	2	6	52	32	47	5	0	0.298	0.339	0.386	0.726
Kevin Kouzmanoff 	OAK 	143	551	59	136	32	1	16	71	24	96	2	1	0.247	0.283	0.396	0.679
Jhonny Peralta 	DET 	148	551	60	137	30	2	15	81	53	103	1	0	0.249	0.311	0.392	0.703
Ryan Howard 	PHI 	143	550	87	152	23	5	31	108	59	157	1	1	0.276	0.353	0.505	0.859
Shin-Soo Choo 	CLE 	144	550	81	165	31	2	22	90	83	118	22	7	0.300	0.401	0.484	0.885
Paul Konerko 	CWS 	149	548	89	171	30	1	39	111	72	110	0	1	0.312	0.393	0.584	0.977
Miguel Cabrera 	DET 	150	548	111	180	45	1	38	126	89	95	3	3	0.328	0.420	0.622	1.042
Derrek Lee 	BAL 	148	547	80	142	35	0	19	80	73	134	1	3	0.260	0.347	0.428	0.774
Joey Votto 	CIN 	150	547	106	177	36	2	37	113	91	125	16	5	0.324	0.424	0.600	1.024
Hanley Ramirez 	FLA 	142	543	92	163	28	2	21	76	64	93	32	10	0.300	0.378	0.475	0.853
Ben Zobrist 	TB 	151	541	77	129	28	2	10	75	92	107	24	3	0.238	0.346	0.353	0.699
Johnny Damon 	TB 	145	539	81	146	36	5	8	51	69	90	11	1	0.271	0.355	0.401	0.756
Scott Podsednik 	TOR 	134	539	63	160	14	7	6	51	40	83	35	15	0.297	0.342	0.382	0.724
B.J. Upton 	TB 	154	536	89	127	38	4	18	62	67	164	42	9	0.237	0.322	0.424	0.745
Michael Bourn 	HOU 	141	535	84	142	25	6	2	38	59	109	52	12	0.265	0.341	0.346	0.686
Lyle Overbay 	PIT 	154	534	75	130	37	2	20	67	67	131	1	0	0.243	0.329	0.433	0.762
Erick Aybar 	LAA 	138	534	69	135	18	4	5	29	35	81	22	8	0.253	0.306	0.330	0.636
Aaron Hill 	TOR 	138	528	70	108	22	0	26	68	41	85	2	2	0.205	0.271	0.394	0.665
Ryan Zimmerman 	WAS 	142	525	85	161	32	0	25	85	69	98	4	1	0.307	0.388	0.510	0.899
Cody Ross 	SF 	153	525	71	141	28	3	14	65	37	121	9	2	0.269	0.322	0.413	0.735
Ian Desmond 	WAS 	154	525	59	141	27	4	10	65	28	109	17	5	0.269	0.308	0.392	0.700
Rajai Davis 	TOR 	143	525	66	149	28	3	5	52	26	78	50	11	0.284	0.320	0.377	0.697
Jose Guillen 	SF 	148	524	55	135	22	2	19	77	32	113	1	0	0.258	0.314	0.416	0.730
Ike Davis 	NYM 	147	523	73	138	33	1	19	71	72	138	3	2	0.264	0.351	0.440	0.791
Alex Rodriguez 	NYY 	137	522	74	141	29	2	30	125	59	98	4	3	0.270	0.341	0.506	0.847
Juan Uribe 	LAD 	148	521	64	129	24	2	24	85	45	92	1	2	0.248	0.310	0.440	0.749
Jason Heyward 	ATL 	142	520	83	144	29	5	18	72	91	128	11	6	0.277	0.393	0.456	0.849
Jason Kubel 	MIN 	143	518	68	129	23	3	21	92	56	116	0	1	0.249	0.323	0.427	0.750
Josh Hamilton 	TEX 	133	518	95	186	40	3	32	100	43	95	8	1	0.359	0.411	0.633	1.044
David Ortiz 	BOS 	145	518	86	140	36	1	32	102	82	145	0	1	0.270	0.370	0.529	0.899
Andre Ethier 	LAD 	139	517	71	151	33	1	23	82	59	102	2	1	0.292	0.364	0.493	0.857
Jeff Keppinger 	HOU 	137	514	62	148	34	1	6	59	51	36	4	1	0.288	0.351	0.393	0.744
Drew Stubbs 	CIN 	150	514	91	131	19	6	22	77	55	168	30	6	0.255	0.329	0.444	0.773
Brandon Inge 	DET 	144	514	47	127	28	5	13	70	54	134	4	3	0.247	0.321	0.397	0.718
Jonny Gomes 	CIN 	148	511	77	136	24	3	18	86	39	123	5	3	0.266	0.328	0.431	0.758
Joe Mauer 	MIN 	137	510	88	167	43	1	9	75	65	53	1	4	0.327	0.402	0.469	0.871
Nyjer Morgan 	MIL 	136	509	60	129	17	7	0	24	40	88	34	17	0.253	0.319	0.314	0.633
Casey Blake 	LAD 	146	509	56	126	28	1	17	64	48	138	0	4	0.248	0.320	0.407	0.727
Jay Bruce 	CIN 	148	509	80	143	23	5	25	70	58	136	5	4	0.281	0.353	0.493	0.846
Cliff Pennington 	OAK 	156	508	64	127	26	8	6	46	50	96	29	5	0.250	0.319	0.368	0.687
Andres Torres 	SF 	139	507	84	136	43	8	16	63	56	128	26	7	0.268	0.343	0.479	0.823
Alcides Escobar 	KC 	145	506	57	119	14	10	4	41	36	70	10	4	0.235	0.288	0.326	0.614
Mark Reynolds 	BAL 	145	499	79	99	17	2	32	85	83	211	7	4	0.198	0.320	0.433	0.753
Orlando Hudson 	SD 	126	497	80	133	24	5	6	37	50	87	10	3	0.268	0.338	0.372	0.710
Yunel Escobar 	TOR 	135	497	60	127	19	0	4	35	56	57	6	2	0.256	0.337	0.318	0.655
Alfonso Soriano 	CHC 	147	496	67	128	40	3	24	79	45	123	5	1	0.258	0.322	0.496	0.818
Justin Upton 	ARI 	133	495	73	135	27	3	17	69	64	152	18	8	0.273	0.356	0.442	0.799
Kurt Suzuki 	OAK 	131	495	55	120	18	2	13	71	33	49	3	2	0.242	0.303	0.366	0.669
Orlando Cabrera 	CLE 	123	494	64	130	33	0	4	42	28	53	11	4	0.263	0.303	0.354	0.657
Victor Martinez 	DET 	127	493	64	149	32	1	20	79	40	52	1	0	0.302	0.351	0.493	0.844
Ryan Ludwick 	SD 	136	490	63	123	27	2	17	69	48	121	0	4	0.251	0.325	0.418	0.743
Carlos Pena 	CHC 	144	484	64	95	18	0	28	84	87	158	5	1	0.196	0.325	0.407	0.732
Hideki Matsui 	OAK 	145	482	55	132	24	1	21	84	67	98	0	1	0.274	0.361	0.459	0.820
Brian McCann 	ATL 	143	479	63	129	25	0	21	77	74	98	5	2	0.269	0.375	0.453	0.828
J.D. Drew 	BOS 	139	478	69	122	24	2	22	68	60	105	3	1	0.255	0.341	0.452	0.793
Brett Gardner 	NYY 	150	477	97	132	20	7	5	47	79	101	47	9	0.277	0.383	0.379	0.762
Skip Schumaker 	STL 	137	476	66	126	18	1	5	42	43	64	5	3	0.265	0.328	0.338	0.667
A.J. Pierzynski 	CWS 	128	474	43	128	29	0	9	56	15	39	3	4	0.270	0.300	0.388	0.688
Cesar Izturis 	BAL 	150	473	42	109	13	1	1	28	25	53	11	5	0.230	0.277	0.269	0.545
Jorge Cantu 	SD 	127	472	50	121	29	1	11	56	29	95	0	0	0.256	0.304	0.392	0.695
Omar Infante 	FLA 	134	471	65	151	15	3	8	47	29	62	7	6	0.321	0.359	0.416	0.775
Scott Rolen 	CIN 	133	471	66	134	34	3	20	83	50	82	1	2	0.285	0.358	0.497	0.854
Troy Tulowitzki 	COL 	122	470	89	148	32	3	27	95	48	78	11	2	0.315	0.381	0.568	0.949
Ronny Cedeno 	PIT 	139	468	42	120	29	3	8	38	23	106	12	3	0.256	0.293	0.382	0.675
Jason Bartlett 	SD 	135	468	71	119	27	3	4	47	45	83	11	6	0.254	0.324	0.350	0.675
Curtis Granderson 	NYY 	136	466	76	115	17	7	24	67	53	116	12	2	0.247	0.324	0.468	0.792
Aramis Ramirez 	CHC 	124	465	61	112	21	1	25	83	34	90	0	0	0.241	0.294	0.452	0.746
Yadier Molina 	STL 	136	465	34	122	19	0	6	62	42	51	8	4	0.262	0.329	0.342	0.671
Colby Rasmus 	STL 	144	464	85	128	28	3	23	66	63	148	12	8	0.276	0.361	0.498	0.859
Brennan Boesch 	DET 	133	464	49	119	26	3	14	67	40	99	7	1	0.256	0.320	0.416	0.736
Starlin Castro 	CHC 	125	463	53	139	31	5	3	41	29	71	10	8	0.300	0.347	0.408	0.755
Melky Cabrera 	KC 	147	458	50	117	27	3	4	42	42	64	7	1	0.255	0.317	0.354	0.671
Jeff Francoeur 	KC 	139	454	52	113	18	2	13	65	30	81	8	3	0.249	0.300	0.383	0.683
Carlos Quentin 	CWS 	131	453	73	110	25	2	26	87	50	83	2	2	0.243	0.342	0.479	0.821
Mike Napoli 	TEX 	140	453	60	108	24	1	26	68	42	137	4	2	0.238	0.316	0.468	0.784
Luke Scott 	BAL 	131	447	70	127	29	1	27	72	59	98	2	0	0.284	0.368	0.535	0.902
Matt Wieters 	BAL 	130	446	37	111	22	1	11	55	47	94	0	1	0.249	0.319	0.377	0.695
Gordon Beckham 	CWS 	131	444	58	112	25	2	9	49	37	92	4	6	0.252	0.317	0.378	0.695
David Eckstein 	SD 	116	442	49	118	23	0	1	29	27	35	8	1	0.267	0.321	0.326	0.647
Trevor Crowe 	CLE 	122	442	48	111	24	3	2	36	29	73	20	7	0.251	0.302	0.333	0.634
Blake DeWitt 	CHC 	135	440	47	115	24	5	5	52	47	86	3	2	0.261	0.336	0.373	0.709
Brendan Ryan 	SEA 	139	439	50	98	19	3	2	36	33	60	11	4	0.223	0.279	0.294	0.573
Dexter Fowler 	COL 	132	439	73	114	20	14	6	36	57	104	13	8	0.260	0.347	0.410	0.757
Julio Borbon 	TEX 	137	438	60	121	11	4	3	42	19	59	15	7	0.276	0.309	0.340	0.649
Mark Ellis 	OAK 	124	436	45	127	24	0	5	49	40	56	7	6	0.291	0.358	0.381	0.739
Jason Kendall 	KC 	118	434	39	111	18	0	0	37	37	45	12	7	0.256	0.318	0.297	0.615
Freddy Sanchez 	SF 	111	431	55	126	22	1	7	47	32	68	3	1	0.292	0.342	0.397	0.739
Jerry Hairston Jr. 	WAS 	119	430	53	105	13	2	10	50	31	54	9	6	0.244	0.299	0.353	0.652
Fred Lewis 	CIN 	110	428	70	112	31	5	8	36	38	104	17	6	0.262	0.332	0.414	0.745
Neil Walker 	PIT 	110	426	57	126	29	3	12	66	34	83	2	3	0.296	0.349	0.462	0.811
Chase Utley 	PHI 	115	425	75	117	20	2	16	65	63	63	13	2	0.275	0.387	0.445	0.832
Mike Aviles 	KC 	110	424	63	129	16	3	8	32	20	49	14	5	0.304	0.335	0.413	0.748
David Murphy 	TEX 	138	419	54	122	26	2	12	65	45	71	14	2	0.291	0.358	0.449	0.806
Juan Rivera 	TOR 	124	416	53	105	20	0	15	52	33	58	2	2	0.252	0.312	0.409	0.721
Casey Kotchman 	TB 	125	414	37	90	20	1	9	51	35	57	0	0	0.217	0.280	0.336	0.616
Roger Bernadina 	WAS 	134	414	52	102	18	3	11	47	35	93	16	2	0.246	0.307	0.384	0.691
Troy Glaus 	ATL 	128	412	52	99	18	0	16	71	63	100	0	0	0.240	0.344	0.400	0.744
Pedro Feliz 	KC 	137	409	36	89	12	2	5	40	13	41	1	1	0.218	0.240	0.293	0.533
John Buck 	FLA 	118	409	53	115	25	0	20	66	16	111	0	0	0.281	0.314	0.489	0.803
Ryan Doumit 	PIT 	124	406	42	102	22	1	13	45	41	87	1	0	0.251	0.331	0.406	0.738
Buster Posey 	SF 	108	406	58	124	23	2	18	67	30	55	0	2	0.305	0.357	0.505	0.862
Jose Tabata 	PIT 	102	405	61	121	21	4	4	35	28	57	19	7	0.299	0.346	0.400	0.746
Lance Berkman 	STL 	122	404	48	100	23	1	14	58	77	85	3	2	0.248	0.368	0.413	0.781
Austin Kearns 	CLE 	120	403	55	106	21	1	10	49	46	116	4	1	0.263	0.351	0.395	0.746
Nelson Cruz 	TEX 	108	399	60	127	31	3	22	78	38	81	17	4	0.318	0.374	0.576	0.950
Todd Helton 	COL 	118	398	48	102	18	1	8	37	67	90	0	0	0.256	0.362	0.367	0.728
Ivan Rodriguez 	WAS 	111	398	32	106	18	1	4	49	16	66	2	3	0.266	0.294	0.347	0.640
Travis Hafner 	CLE 	118	396	46	110	29	0	13	50	51	94	2	1	0.278	0.374	0.449	0.824
Miguel Olivo 	SEA 	112	394	55	106	17	6	14	58	27	117	7	4	0.269	0.315	0.449	0.765
Will Venable 	SD 	131	392	60	96	11	7	13	51	45	128	29	7	0.245	0.324	0.408	0.732
Felipe Lopez 	TB 	113	391	52	91	18	1	8	37	44	81	8	2	0.233	0.311	0.345	0.656
Ian Kinsler 	TEX 	103	391	73	112	20	1	9	45	56	57	15	5	0.286	0.382	0.412	0.794
Clint Barmes 	HOU 	133	387	43	91	21	0	8	50	35	66	3	2	0.235	0.305	0.351	0.656
Ian Stewart 	COL 	121	386	54	99	14	2	18	61	45	110	5	2	0.256	0.338	0.443	0.781
Rafael Furcal 	LAD 	97	383	66	115	23	7	8	43	40	60	22	4	0.300	0.366	0.460	0.826
Jorge Posada 	NYY 	120	383	49	95	23	1	18	57	59	99	3	1	0.248	0.357	0.454	0.811
Asdrubal Cabrera 	CLE 	97	381	39	105	16	1	3	29	25	60	6	4	0.276	0.326	0.346	0.673
Lastings Milledge 	CWS 	113	379	38	105	21	3	4	34	28	62	5	3	0.277	0.332	0.380	0.712
Bengie Molina 	TEX 	118	377	27	94	12	1	5	36	24	34	0	0	0.249	0.297	0.326	0.623
Matt LaPorta 	CLE 	110	376	41	83	15	1	12	41	46	82	0	0	0.221	0.306	0.362	0.668
Russell Branyan 	ARI 	109	376	47	89	19	0	25	57	46	131	1	0	0.237	0.323	0.487	0.810
Pat Burrell 	SF 	120	373	50	94	21	0	20	64	57	105	0	2	0.252	0.348	0.469	0.817
Mitch Maier 	KC 	117	373	41	98	15	6	5	39	41	68	3	2	0.263	0.333	0.375	0.709
Ryan Raburn 	DET 	113	371	54	104	25	1	15	62	27	92	2	2	0.280	0.340	0.474	0.814
Carlos Ruiz 	PHI 	121	371	43	112	28	1	8	53	55	54	0	1	0.302	0.400	0.447	0.847
Josh Willingham 	OAK 	114	370	54	99	19	2	16	56	67	85	8	0	0.268	0.389	0.459	0.848
Cristian Guzman 	TEX 	104	365	48	97	12	4	2	26	20	63	4	2	0.266	0.311	0.337	0.648
Gerardo Parra 	ARI 	133	364	31	95	19	6	3	30	23	76	1	0	0.261	0.308	0.371	0.679
Kevin Youkilis 	BOS 	102	362	77	111	26	5	19	62	58	67	4	1	0.307	0.411	0.564	0.975
Josh Wilson 	SEA 	108	361	22	82	14	2	2	25	14	74	5	0	0.227	0.278	0.294	0.572
Mike Stanton 	FLA 	100	359	45	93	21	1	22	59	34	123	5	2	0.259	0.326	0.507	0.833
Kosuke Fukudome 	CHC 	130	358	45	94	20	2	13	44	64	67	7	8	0.263	0.371	0.439	0.809
Seth Smith 	COL 	133	358	55	88	19	5	17	52	35	67	2	1	0.246	0.314	0.469	0.783
Chris Coghlan 	FLA 	91	358	60	96	20	3	5	28	33	84	10	3	0.268	0.335	0.383	0.718
Tyler Colvin 	CHC 	135	358	60	91	18	5	20	56	30	100	6	1	0.254	0.316	0.500	0.816
David DeJesus 	OAK 	91	352	46	112	23	3	5	37	34	47	3	3	0.318	0.384	0.443	0.827
Jamey Carroll 	LAD 	133	351	48	102	15	1	0	23	51	64	12	4	0.291	0.379	0.339	0.718
Jimmy Rollins 	PHI 	88	350	48	85	16	3	8	41	40	32	17	1	0.243	0.320	0.374	0.694
Jack Cust 	SEA 	112	349	50	95	19	0	13	52	68	127	2	2	0.272	0.395	0.438	0.834
Jason Bay 	NYM 	95	348	48	90	20	6	6	47	44	91	10	0	0.259	0.347	0.402	0.749
Justin Smoak 	SEA 	100	348	40	76	14	0	13	48	46	91	1	0	0.218	0.307	0.371	0.678
Pedro Alvarez 	PIT 	95	347	42	89	21	1	16	64	37	119	0	0	0.256	0.326	0.461	0.788
Omar Vizquel 	CWS 	108	344	36	95	11	1	2	30	34	45	11	7	0.276	0.341	0.331	0.673
Bill Hall 	HOU 	119	344	44	85	16	1	18	46	34	104	9	1	0.247	0.316	0.456	0.772
Sean Rodriguez 	TB 	118	343	53	86	19	2	9	40	21	97	13	3	0.251	0.308	0.397	0.705
Adam Kennedy 	SEA 	135	342	43	85	16	1	3	31	37	44	14	2	0.249	0.327	0.327	0.655
Ryan Spilborghs 	COL 	134	341	41	95	20	2	10	39	39	83	4	5	0.279	0.360	0.437	0.797
Chris Johnson 	HOU 	94	341	40	105	22	2	11	52	15	91	3	0	0.308	0.337	0.481	0.818
J.J. Hardy 	BAL 	101	340	44	91	19	3	6	38	28	54	1	1	0.268	0.320	0.394	0.714
John Jaso 	TB 	109	339	57	89	18	3	5	44	59	39	4	0	0.263	0.372	0.378	0.750
Wilson Valdez 	PHI 	111	333	37	86	16	3	4	35	21	43	7	0	0.258	0.306	0.360	0.667
Edwin Encarnacion 	TOR 	96	332	47	81	16	0	21	51	29	60	1	0	0.244	0.305	0.482	0.787
Jayson Nix 	CLE 	102	331	32	74	15	0	14	34	20	87	1	2	0.224	0.281	0.396	0.676
Aaron Rowand 	SF 	105	331	42	76	12	2	11	34	16	74	5	3	0.230	0.281	0.378	0.659
Russell Martin 	NYY 	97	331	45	82	13	0	5	26	48	61	6	2	0.248	0.347	0.332	0.679
Mark Kotsay 	MIL 	107	327	30	78	17	2	8	31	32	36	1	3	0.239	0.306	0.376	0.683
Yorvit Torrealba 	TEX 	95	325	31	88	14	0	7	37	33	67	7	5	0.271	0.343	0.378	0.721
Magglio Ordonez 	DET 	84	323	56	98	17	1	12	59	40	38	1	0	0.303	0.378	0.474	0.852
Geovany Soto 	CHC 	105	322	47	90	19	0	17	53	62	83	0	1	0.280	0.393	0.497	0.890
Ramon Santiago 	DET 	112	320	38	84	9	1	3	22	30	56	2	2	0.263	0.337	0.325	0.662
Chris Snyder 	PIT 	105	319	34	66	9	0	15	48	52	94	0	0	0.207	0.320	0.376	0.696
Darnell McDonald 	BOS 	117	319	40	86	18	3	9	34	30	85	9	1	0.270	0.336	0.429	0.766
Xavier Nady 	ARI 	119	317	33	81	13	0	6	33	17	85	0	0	0.256	0.306	0.353	0.660
Chipper Jones 	ATL 	95	317	47	84	21	0	10	46	61	47	5	0	0.265	0.381	0.426	0.806
Melvin Mora 	ARI 	113	316	39	90	12	5	7	45	31	53	2	1	0.285	0.358	0.421	0.779
Ronny Paulino 	NYM 	91	316	31	82	18	0	4	37	25	51	1	0	0.259	0.311	0.354	0.665
Ramon Hernandez 	CIN 	97	313	30	93	18	1	7	48	29	49	0	0	0.297	0.364	0.428	0.792
Rod Barajas 	LAD 	99	313	39	75	14	0	17	47	13	54	0	0	0.240	0.284	0.447	0.731
Corey Patterson 	TOR 	90	308	43	83	16	1	8	32	20	75	21	4	0.269	0.315	0.406	0.721
Ryan Sweeney 	OAK 	82	303	41	89	20	2	1	36	24	41	1	1	0.294	0.342	0.383	0.725
Dustin Pedroia 	BOS 	75	302	53	87	24	1	12	41	37	38	9	1	0.288	0.367	0.493	0.860
Reid Brignac 	TB 	113	301	39	77	13	1	8	45	20	77	3	3	0.256	0.307	0.385	0.692
Danny Valencia 	MIN 	85	299	30	93	18	1	7	40	20	46	2	0	0.311	0.351	0.448	0.799
Travis Snider 	TOR 	82	298	36	76	20	0	14	32	21	79	6	3	0.255	0.304	0.463	0.767
Brad Hawpe 	SD 	103	298	31	73	21	2	9	44	42	85	2	1	0.245	0.338	0.419	0.758
Miguel Montero 	ARI 	85	297	36	79	20	2	9	43	29	71	0	1	0.266	0.332	0.438	0.770
Michael Brantley 	CLE 	72	297	38	73	9	3	3	22	22	38	10	2	0.246	0.296	0.327	0.623
Justin Morneau 	MIN 	81	296	53	102	25	1	18	56	50	62	0	0	0.345	0.437	0.618	1.055
Jason Donald 	CLE 	88	296	39	75	19	3	4	24	22	70	5	1	0.253	0.312	0.378	0.690
Scott Hairston 	NYM 	104	295	34	62	10	0	10	36	31	69	6	1	0.210	0.295	0.346	0.640
Alex Avila 	DET 	104	294	28	67	12	0	7	31	36	71	2	2	0.228	0.316	0.340	0.656
Carlos Gomez 	MIL 	97	291	38	72	11	3	5	24	17	72	18	3	0.247	0.298	0.357	0.655
Cameron Maybin 	SD 	82	291	46	68	7	3	8	28	24	92	9	2	0.234	0.302	0.361	0.663
Coco Crisp 	OAK 	75	290	51	81	14	4	8	38	30	49	32	3	0.279	0.342	0.438	0.779
Tony Gwynn 	LAD 	117	289	30	59	9	3	3	20	41	50	17	4	0.204	0.304	0.287	0.591
Michael Saunders 	SEA 	100	289	29	61	11	2	10	33	35	84	6	3	0.211	0.295	0.367	0.662
Felix Pie 	BAL 	82	288	39	79	15	5	5	31	13	52	5	2	0.274	0.305	0.413	0.718
Jon Jay 	STL 	105	287	47	86	19	2	4	27	24	50	2	4	0.300	0.359	0.422	0.780
Chris Denorfia 	SD 	99	284	41	77	15	2	9	36	27	51	8	4	0.271	0.335	0.433	0.769
Eric Hinske 	ATL 	131	281	38	72	21	1	11	51	33	75	0	0	0.256	0.338	0.456	0.793
Andruw Jones 	NYY 	107	278	41	64	12	1	19	48	45	73	9	2	0.230	0.341	0.486	0.827
Jonathan Lucroy 	MIL 	75	277	24	70	9	0	4	26	18	44	4	2	0.253	0.300	0.329	0.628
Wilson Betemit 	KC 	84	276	36	82	20	0	13	43	36	74	0	0	0.297	0.378	0.511	0.889
Jim Thome 	MIN 	108	276	48	78	16	2	25	59	60	82	0	0	0.283	0.412	0.627	1.039
Luis Valbuena 	CLE 	91	275	22	53	12	0	2	24	28	61	1	2	0.193	0.273	0.258	0.531
Nick Hundley 	SD 	85	273	33	68	18	2	8	43	25	66	0	5	0.249	0.308	0.418	0.726
Willy Aybar 	TB 	100	270	22	62	13	0	6	43	30	61	0	0	0.230	0.309	0.344	0.654
Gerald Laird 	STL 	89	270	22	56	11	0	5	25	18	57	3	1	0.207	0.263	0.304	0.567
Michael Morse 	WAS 	98	266	36	77	12	2	15	41	22	64	0	1	0.289	0.352	0.519	0.870
Francisco Cervelli 	NYY 	93	266	27	72	11	3	0	38	33	42	1	1	0.271	0.359	0.335	0.694
Manny Ramirez 	TB 	90	265	38	79	16	0	9	42	46	61	1	1	0.298	0.409	0.460	0.870
Humberto Quintero 	HOU 	88	265	13	62	10	0	4	20	8	59	0	0	0.234	0.262	0.317	0.579
Lou Marson 	CLE 	87	262	29	51	15	0	3	22	26	55	8	1	0.195	0.274	0.286	0.560
Tommy Manzella 	HOU 	83	258	17	58	7	0	1	21	13	71	0	1	0.225	0.267	0.264	0.531
Adam Rosales 	OAK 	80	255	31	69	8	2	7	31	19	65	2	2	0.271	0.321	0.400	0.721
Wes Helms 	FLA 	127	254	25	56	12	4	4	39	26	76	0	2	0.220	0.300	0.346	0.646
Carlos Guillen 	DET 	68	253	26	69	17	1	6	34	21	41	1	2	0.273	0.327	0.419	0.746
Angel Sanchez 	HOU 	66	253	30	70	9	4	0	25	11	45	0	1	0.277	0.312	0.344	0.656
Nick Punto 	STL 	88	252	24	60	11	1	1	20	28	50	6	2	0.238	0.313	0.302	0.615
Andy LaRoche 	OAK 	102	247	26	51	8	0	4	16	19	43	1	1	0.206	0.268	0.287	0.555
Luis Castillo 	PHI 	86	247	28	58	4	2	0	17	39	25	8	3	0.235	0.337	0.267	0.604
Jim Edmonds 	STL 	86	246	44	68	23	0	11	23	24	60	2	0	0.276	0.342	0.504	0.846
Logan Morrison 	FLA 	62	244	43	69	20	7	2	18	41	51	0	1	0.283	0.390	0.447	0.837
Milton Bradley 	SEA 	73	244	28	50	9	1	8	29	28	75	8	2	0.205	0.292	0.348	0.641
Edgar Renteria 	CIN 	72	243	26	67	11	2	3	22	21	43	3	0	0.276	0.332	0.374	0.707
Alex Gordon 	KC 	74	242	34	52	10	0	8	20	34	62	1	5	0.215	0.315	0.355	0.671
Nate McLouth 	ATL 	85	242	30	46	12	1	6	24	33	57	7	2	0.190	0.298	0.322	0.620
Julio Lugo 	BAL 	93	241	26	60	4	2	0	20	15	50	5	7	0.249	0.298	0.282	0.581
David Freese 	STL 	70	240	28	71	12	1	4	36	21	59	1	1	0.296	0.361	0.404	0.765
Mike Fontenot 	SF 	103	240	24	68	13	3	1	25	15	41	1	4	0.283	0.331	0.375	0.706
Don Kelly 	DET 	119	238	30	58	4	0	9	27	8	42	3	0	0.244	0.272	0.374	0.646
Gregor Blanco 	KC 	85	237	31	67	9	4	1	14	29	50	11	4	0.283	0.360	0.367	0.727
Matt Treanor 	TEX 	82	237	22	50	6	1	5	27	22	43	1	2	0.211	0.287	0.308	0.595
Mark Teahen 	CWS 	77	233	31	60	13	2	4	25	25	61	3	5	0.258	0.327	0.382	0.709
Brian Roberts 	BAL 	59	230	28	64	14	0	4	15	26	40	12	2	0.278	0.354	0.391	0.745
Shelley Duncan 	CLE 	85	229	29	53	10	0	11	36	26	76	1	0	0.231	0.317	0.419	0.736
Nate Schierholtz 	SF 	137	227	34	55	13	3	3	17	20	38	4	5	0.242	0.311	0.366	0.676
Brandon Wood 	LAA 	81	226	20	33	2	0	4	14	6	71	1	0	0.146	0.174	0.208	0.382
Willie Harris 	NYM 	132	224	25	41	6	2	10	32	33	60	5	2	0.183	0.291	0.362	0.653
Matt Diaz 	PIT 	84	224	27	56	17	2	7	31	13	44	3	1	0.250	0.302	0.438	0.739
Chris Getz 	KC 	72	224	23	53	9	0	0	18	19	28	15	2	0.237	0.302	0.277	0.579
Jonathan Herrera 	COL 	76	222	34	63	6	2	1	21	25	36	2	2	0.284	0.352	0.342	0.694
Gabe Gross 	SEA 	105	222	27	53	11	1	1	25	17	39	5	1	0.239	0.290	0.311	0.601
Jeremy Hermida 	CIN 	73	222	19	48	12	0	6	29	16	58	1	0	0.216	0.268	0.351	0.619
Carlos Beltran 	NYM 	64	220	21	56	11	3	7	27	30	39	3	1	0.255	0.341	0.427	0.768
Ryan Church 	ARI 	106	219	25	44	16	1	5	25	16	65	1	0	0.201	0.265	0.352	0.616
Mike Lowell 	BOS 	73	218	23	52	13	0	5	26	23	34	0	0	0.239	0.307	0.367	0.674
Ruben Tejada 	NYM 	78	216	28	46	12	0	1	15	22	38	2	2	0.213	0.305	0.282	0.588
Matt Joyce 	TB 	77	216	30	52	15	3	10	40	40	55	2	2	0.241	0.360	0.477	0.837
Koyie Hill 	CHC 	77	215	18	46	13	1	1	17	12	61	1	0	0.214	0.254	0.298	0.552
Marcus Thames 	LAD 	82	212	22	61	7	0	12	33	19	61	0	0	0.288	0.350	0.491	0.841
Maicer Izturis 	LAA 	61	212	27	53	13	1	3	27	21	27	7	3	0.250	0.321	0.363	0.684
Everth Cabrera 	SD 	76	212	22	44	6	3	1	22	19	54	10	6	0.208	0.279	0.278	0.557
George Kottaras 	MIL 	67	212	24	43	12	1	9	26	33	44	2	0	0.203	0.305	0.396	0.701
Rick Ankiel 	WAS 	74	211	31	49	13	1	6	24	26	71	3	1	0.232	0.321	0.389	0.709
Conor Jackson 	OAK 	60	208	25	49	13	0	2	16	31	27	6	1	0.236	0.336	0.327	0.663
Rusty Ryal 	ARI 	104	207	19	54	7	1	3	11	8	67	0	3	0.261	0.308	0.348	0.656
Jeff Baker 	CHC 	79	206	29	56	13	2	4	21	16	50	1	0	0.272	0.326	0.413	0.739
Randy Winn 	BAL 	116	205	23	49	8	2	4	25	21	37	6	0	0.239	0.307	0.356	0.663
Jeff Mathis 	LAA 	68	205	19	40	6	1	3	18	6	59	3	0	0.195	0.219	0.278	0.497
Adam Moore 	SEA 	60	205	12	40	6	0	4	15	8	63	0	1	0.195	0.230	0.283	0.513
Craig Counsell 	MIL 	102	204	16	51	8	0	2	21	21	29	1	1	0.250	0.322	0.319	0.640
Ryan Hanigan 	CIN 	70	203	25	61	11	0	5	40	33	21	0	0	0.300	0.405	0.429	0.834
Josh Thole 	NYM 	73	202	17	56	7	1	3	17	24	25	1	0	0.277	0.357	0.366	0.723
Reed Johnson 	CHC 	102	202	24	53	11	2	2	15	5	50	2	2	0.262	0.291	0.366	0.657
Geoff Blum 	ARI 	93	202	22	54	10	1	2	22	15	33	0	0	0.267	0.321	0.356	0.678
Chris Heisey 	CIN 	97	201	33	51	10	1	8	21	16	57	1	2	0.254	0.324	0.433	0.757
Paul Janish 	CIN 	82	200	23	52	10	0	5	25	22	30	1	3	0.260	0.338	0.385	0.723
Miguel Cairo 	CIN 	91	200	30	58	12	0	4	28	17	30	4	0	0.290	0.353	0.410	0.763
Jake Fox 	BAL 	77	198	21	43	10	1	7	22	8	49	0	0	0.217	0.261	0.384	0.645
Aki Iwamura 	OAK 	64	196	21	34	7	1	2	13	31	41	3	1	0.173	0.285	0.250	0.535
Jason Castro 	HOU 	67	195	26	40	8	1	2	8	22	41	0	0	0.205	0.286	0.287	0.573
Kendrys Morales 	LAA 	51	193	29	56	5	0	11	39	12	31	0	1	0.290	0.346	0.487	0.833
Tony Abreu 	ARI 	81	193	16	45	11	1	1	13	4	47	2	1	0.233	0.244	0.316	0.560
Jack Wilson 	SEA 	61	193	17	48	11	1	0	14	7	35	1	2	0.249	0.282	0.316	0.598
Delwyn Young 	PHI 	110	191	22	45	11	1	7	28	13	52	1	0	0.236	0.286	0.414	0.700
Will Rhymes 	DET 	54	191	30	58	12	3	1	19	14	16	0	3	0.304	0.350	0.414	0.763
Chris Iannetta 	COL 	61	188	20	37	6	1	9	27	30	48	1	0	0.197	0.318	0.383	0.701
Willie Bloomquist 	ARI 	83	187	31	50	10	1	3	17	9	28	8	5	0.267	0.299	0.380	0.679
Eric Patterson 	SD 	90	187	26	40	8	5	6	16	14	62	11	1	0.214	0.272	0.406	0.679
Alberto Gonzalez 	WAS 	114	186	19	46	8	1	0	5	7	30	0	0	0.247	0.277	0.301	0.578
Jason Michaels 	HOU 	106	186	23	47	14	1	8	26	12	29	0	0	0.253	0.310	0.468	0.778
Peter Bourjos 	LAA 	51	181	19	37	6	4	6	15	6	40	10	3	0.204	0.237	0.381	0.618
Kila Ka'aihue 	KC 	52	180	22	39	6	1	8	25	24	39	0	1	0.217	0.307	0.394	0.702
Emilio Bonifacio 	FLA 	73	180	30	47	6	3	0	10	17	42	12	0	0.261	0.320	0.328	0.648
Ben Francisco 	PHI 	88	179	24	48	13	0	6	28	14	35	8	0	0.268	0.327	0.441	0.768
Rob Johnson 	SD 	61	178	24	34	10	0	2	13	25	46	1	1	0.191	0.293	0.281	0.574
Jason Giambi 	COL 	87	176	17	43	9	0	6	35	35	47	2	0	0.244	0.378	0.398	0.776
Alex Cora 	WAS 	66	176	14	37	6	3	0	20	10	16	4	1	0.210	0.266	0.278	0.544
Eric Young 	COL 	51	172	26	42	5	1	0	8	17	32	17	6	0.244	0.312	0.285	0.597
Jed Lowrie 	BOS 	55	171	31	49	14	0	9	24	25	25	1	1	0.287	0.381	0.526	0.907
Andy Marte 	PIT 	80	170	18	39	7	2	5	19	17	35	0	3	0.229	0.298	0.382	0.680
Bobby Crosby 	ARI 	70	168	9	37	10	0	1	13	17	38	0	3	0.220	0.294	0.298	0.592
Jose Molina 	TOR 	57	167	13	41	4	0	6	12	9	36	1	0	0.246	0.304	0.377	0.681
Chris Carter 	TB 	100	167	15	44	9	0	4	24	12	17	1	2	0.263	0.317	0.389	0.706
Andres Blanco 	TEX 	68	166	17	46	10	1	0	13	11	24	0	2	0.277	0.330	0.349	0.679
Laynce Nix 	WAS 	97	165	16	48	11	2	4	18	15	39	0	1	0.291	0.350	0.455	0.805
Greg Dobbs 	FLA 	88	163	13	32	7	0	5	15	12	39	1	1	0.196	0.251	0.331	0.583
Ryan Kalish 	BOS 	53	163	26	41	11	1	4	24	12	38	10	1	0.252	0.305	0.405	0.710
Ronnie Belliard 	NYY 	82	162	24	35	10	1	2	19	18	35	2	2	0.216	0.295	0.327	0.622
Mike Cameron 	BOS 	48	162	24	42	11	0	4	15	14	44	0	1	0.259	0.328	0.401	0.729
Daniel Nava 	BOS 	60	161	23	39	14	1	1	26	19	46	1	1	0.242	0.351	0.360	0.711
Kevin Frandsen 	ARI 	54	160	24	40	11	0	0	14	9	10	2	0	0.250	0.294	0.319	0.613
Josh Bell 	BAL 	53	159	15	34	5	0	3	12	2	53	0	1	0.214	0.224	0.302	0.525
Reggie Willits 	LAA 	97	159	23	41	7	0	0	8	19	26	2	4	0.258	0.341	0.302	0.643
Wil Nieves 	MIL 	59	158	10	32	8	0	3	16	8	29	0	0	0.203	0.244	0.310	0.554
Kelly Shoppach 	TB 	63	158	17	31	8	0	5	17	20	71	0	0	0.196	0.308	0.342	0.650
Brayan Pena 	KC 	60	158	11	40	10	0	1	19	12	27	2	0	0.253	0.306	0.335	0.642
Travis Ishikawa 	SF 	116	158	18	42	11	0	3	22	13	29	0	0	0.266	0.320	0.392	0.712
Brooks Conrad 	ATL 	103	156	31	39	11	1	8	33	16	45	5	1	0.250	0.324	0.487	0.811
Garret Anderson 	LAD 	80	155	8	28	6	1	2	12	5	34	1	0	0.181	0.204	0.271	0.475
Ramiro Pena 	NYY 	85	154	18	35	1	1	0	18	6	27	7	1	0.227	0.258	0.247	0.504
Alexi Casilla 	MIN 	69	152	26	42	7	4	1	20	13	17	6	1	0.276	0.331	0.395	0.726
John McDonald 	TOR 	63	152	27	38	9	2	6	23	6	26	2	1	0.250	0.273	0.454	0.727
Mike Sweeney 	KC 	56	151	21	38	5	0	8	26	14	21	3	0	0.252	0.321	0.444	0.765
John Bowker 	PIT 	67	151	16	33	8	0	5	21	14	33	0	1	0.219	0.281	0.371	0.652
Carlos Santana 	CLE 	46	150	23	39	13	0	6	22	37	29	3	0	0.260	0.401	0.467	0.868
Lorenzo Cain 	KC 	43	147	17	45	11	1	1	13	9	28	7	1	0.306	0.348	0.415	0.763
Chad Tracy 	FLA 	69	146	11	36	8	0	1	15	11	36	0	0	0.247	0.306	0.322	0.628
Mitch Moreland 	TEX 	47	145	20	37	4	0	9	25	25	36	3	1	0.255	0.364	0.469	0.833
Jeff Clement 	PIT 	54	144	11	29	3	0	7	12	6	37	0	0	0.201	0.237	0.368	0.605
Brett Wallace 	HOU 	51	144	14	32	6	1	2	13	8	50	0	0	0.222	0.296	0.319	0.615
Scott Sizemore 	DET 	48	143	19	32	7	0	3	14	15	40	0	0	0.224	0.296	0.336	0.631
Drew Butera 	MIN 	49	142	12	28	6	1	2	13	4	25	0	0	0.197	0.237	0.296	0.533
Joe Inglett 	HOU 	102	142	15	36	8	5	1	8	15	34	1	0	0.254	0.331	0.401	0.733
Garrett Atkins 	PIT 	44	140	5	30	7	0	1	9	12	30	0	0	0.214	0.276	0.286	0.562
Aaron Miles 	LAD 	79	139	14	39	5	0	0	9	6	14	0	1	0.281	0.311	0.317	0.627
Aaron Cunningham 	SD 	53	132	17	38	12	1	1	15	7	28	1	3	0.288	0.331	0.417	0.748
Oscar Salazar 	SD 	85	131	19	31	4	0	3	19	16	23	1	2	0.237	0.318	0.336	0.653
Henry Blanco 	ARI 	50	130	10	28	5	0	2	8	11	26	1	0	0.215	0.271	0.300	0.571
Juan Castro 	LAD 	55	129	7	25	5	0	0	13	8	25	0	1	0.194	0.237	0.233	0.470
Grady Sizemore 	CLE 	33	128	15	27	6	2	0	13	9	35	4	2	0.211	0.271	0.289	0.560
Ross Gload 	PHI 	94	128	16	36	8	0	6	22	8	15	1	0	0.281	0.328	0.484	0.813
Joaquin Arias 	KC 	72	128	23	33	6	1	0	13	4	23	1	0	0.258	0.280	0.320	0.601
Matt Tuiasosopo 	SEA 	50	127	12	22	5	0	4	11	9	49	0	0	0.173	0.234	0.307	0.541
Jason Repko 	MIN 	58	127	19	29	6	0	3	9	13	38	3	2	0.228	0.324	0.346	0.671
Eli Whiteside 	SF 	56	126	19	30	6	1	4	10	8	35	1	2	0.238	0.299	0.397	0.696
Brian Schneider 	PHI 	47	125	17	30	4	1	4	15	19	25	0	0	0.240	0.345	0.384	0.729
Gabe Kapler 	LAD 	59	124	19	26	4	0	2	14	11	24	1	1	0.210	0.288	0.290	0.578
Dioner Navarro 	LAD 	48	124	11	24	5	0	1	7	12	20	0	1	0.194	0.270	0.258	0.528
Jason Bourgeois 	HOU 	69	123	16	27	4	1	0	3	13	16	12	4	0.220	0.294	0.268	0.562
David Ross 	ATL 	59	121	15	35	13	2	2	28	20	28	0	1	0.289	0.392	0.479	0.871
Nick Stavinoha 	STL 	79	121	11	31	4	0	2	9	4	28	0	0	0.256	0.286	0.339	0.625
Xavier Paul 	LAD 	44	121	16	28	8	1	0	11	8	24	3	1	0.231	0.277	0.314	0.591
Chris Davis 	TEX 	45	120	7	23	9	0	1	4	15	40	3	0	0.192	0.279	0.292	0.571
Nolan Reimold 	BAL 	39	116	9	24	5	0	3	14	12	26	0	0	0.207	0.282	0.328	0.610
Ramon Castro 	CWS 	37	115	18	32	2	0	8	21	9	26	1	0	0.278	0.328	0.504	0.832
Kevin Cash 	TEX 	49	114	4	19	2	0	2	5	11	29	0	0	0.167	0.246	0.237	0.483
Allen Craig 	STL 	44	114	12	28	7	0	4	18	9	26	0	1	0.246	0.298	0.412	0.711
Craig Tatum 	BAL 	43	114	11	32	4	0	0	9	12	21	1	0	0.281	0.349	0.316	0.665
Jason Varitek 	BOS 	39	112	18	26	6	0	7	16	10	35	0	0	0.232	0.293	0.473	0.766
DeWayne Wise 	FLA 	52	112	20	28	3	2	3	14	4	29	4	0	0.250	0.282	0.393	0.675
Josh Bard 	SEA 	39	112	9	24	7	0	3	10	10	27	0	0	0.214	0.276	0.357	0.634
Landon Powell 	OAK 	41	112	13	24	4	0	2	11	15	29	1	0	0.214	0.305	0.304	0.608
Eric Chavez 	NYY 	33	111	10	26	8	0	1	10	8	31	0	0	0.234	0.276	0.333	0.610
Dan Johnson 	TB 	40	111	15	22	3	0	7	23	25	27	1	0	0.198	0.343	0.414	0.757
Mark Grudzielanek 	CLE 	30	110	10	30	0	0	0	11	8	10	2	0	0.273	0.328	0.273	0.600
Brad Davis 	FLA 	33	109	8	23	7	1	3	16	9	37	2	0	0.211	0.270	0.376	0.647
Anderson Hernandez 	HOU 	54	109	13	24	5	0	0	3	10	19	3	0	0.220	0.286	0.266	0.552
Brendan Harris 	BAL 	43	108	11	17	3	0	1	4	9	23	0	0	0.157	0.233	0.213	0.446
Jesus Feliciano 	NYM 	54	108	12	25	4	1	0	3	6	12	1	0	0.231	0.276	0.287	0.563
A.J. Ellis 	LAD 	44	108	6	30	5	0	0	16	14	18	0	0	0.278	0.363	0.324	0.687
Ryan Langerhans 	SEA 	60	107	16	21	2	1	3	4	24	51	4	1	0.196	0.344	0.318	0.661
Danny Worth 	DET 	39	106	10	27	5	0	2	8	6	13	1	2	0.255	0.295	0.358	0.653
Dayan Viciedo 	CWS 	38	104	17	32	7	0	5	13	2	25	1	0	0.308	0.321	0.519	0.840
Tyler Greene 	STL 	44	104	14	23	3	1	2	10	13	24	2	0	0.221	0.328	0.327	0.655
Justin Maxwell 	NYY 	67	104	16	15	6	0	3	12	25	43	5	1	0.144	0.305	0.288	0.594
Cole Gillespie 	ARI 	45	104	11	24	8	0	2	12	7	29	1	1	0.231	0.283	0.365	0.649
Danny Espinosa 	WAS 	28	103	16	22	4	1	6	15	9	30	0	2	0.214	0.277	0.447	0.723
Kyle Blanks 	SD 	33	102	14	16	6	1	3	15	15	46	1	0	0.157	0.283	0.324	0.607
Gregg Zaun 	SD 	28	102	11	27	7	0	2	14	11	12	0	0	0.265	0.350	0.392	0.743
Matt Stairs 	WAS 	78	99	14	23	6	0	6	16	11	32	2	0	0.232	0.306	0.475	0.781
Brent Lillibridge 	CWS 	64	98	19	22	5	2	2	16	3	36	5	3	0.224	0.248	0.378	0.625
Ken Griffey Jr. 	SEA 	33	98	6	18	2	0	0	7	9	17	0	0	0.184	0.250	0.204	0.454
Chris Dickerson 	NYY 	45	97	11	20	2	2	0	5	6	34	4	0	0.206	0.250	0.268	0.518
Matt Downs 	HOU 	40	97	8	21	7	0	1	7	9	20	0	0	0.216	0.294	0.320	0.613
Bobby Wilson 	LAA 	40	96	12	22	6	0	4	15	8	23	0	0	0.229	0.288	0.417	0.705
John Hester 	ARI 	38	95	9	20	7	0	2	7	11	32	1	0	0.211	0.292	0.347	0.640
Casper Wells 	DET 	36	93	14	30	6	1	4	17	6	19	0	1	0.323	0.364	0.538	0.901
Mark DeRosa 	SF 	26	93	9	18	3	0	1	10	9	16	0	2	0.194	0.279	0.258	0.537
Roy Halladay 	PHI 	31	92	6	13	0	0	0	5	1	42	0	0	0.141	0.151	0.141	0.292
Matt Tolbert 	MIN 	48	87	8	20	4	3	1	18	9	18	1	1	0.230	0.293	0.379	0.672
Jordan Brown 	CLE 	26	87	9	20	7	0	0	2	4	10	0	0	0.230	0.272	0.310	0.582
Jason Jaramillo 	PIT 	33	87	2	13	2	0	1	6	8	14	0	0	0.149	0.227	0.207	0.434
Scott Moore 	CHC 	41	86	8	18	2	0	3	10	8	19	3	0	0.209	0.274	0.337	0.611
Lucas Duda 	NYM 	29	84	11	17	6	0	4	13	6	22	0	0	0.202	0.261	0.417	0.678
Adam Wainwright 	STL 	36	84	4	14	5	0	0	6	7	23	0	0	0.167	0.231	0.226	0.457
Mike McCoy 	TOR 	46	82	9	16	4	0	0	3	8	20	5	1	0.195	0.267	0.244	0.511
Adam Everett 	CLE 	31	81	6	15	5	0	0	4	4	18	2	1	0.185	0.221	0.247	0.468
Augie Ojeda 	CHC 	59	79	6	15	3	0	0	5	8	8	0	1	0.190	0.258	0.228	0.486
Matt Carson 	OAK 	36	79	7	14	2	0	4	9	2	23	4	0	0.177	0.193	0.354	0.547
Darwin Barney 	CHC 	30	79	12	19	4	0	0	2	6	12	0	0	0.241	0.294	0.291	0.585
Wilson Ramos 	WAS 	22	79	5	22	7	0	1	5	2	12	0	0	0.278	0.305	0.405	0.710
John Baker 	FLA 	23	78	7	17	3	1	0	6	9	18	0	0	0.218	0.307	0.282	0.589
Jacoby Ellsbury 	BOS 	18	78	10	15	4	0	0	5	4	9	7	1	0.192	0.241	0.244	0.485
Brett Hayes 	FLA 	26	77	6	16	6	1	2	6	6	26	0	0	0.208	0.265	0.390	0.655
Ubaldo Jimenez 	COL 	32	77	5	8	0	0	0	4	2	18	0	0	0.104	0.127	0.104	0.230
Randy Wolf 	MIL 	35	77	11	19	4	0	0	5	1	24	1	0	0.247	0.253	0.299	0.552
Tim Hudson 	ATL 	33	77	4	15	4	0	0	4	0	21	0	0	0.195	0.195	0.247	0.442
Brett Carroll 	MIL 	32	76	13	15	4	0	2	7	6	29	2	1	0.197	0.311	0.329	0.640
Jay Gibbons 	LAD 	37	75	11	21	2	0	5	17	4	14	0	1	0.280	0.313	0.507	0.819
Corky Miller 	CIN 	32	74	5	18	5	0	2	9	2	16	0	0	0.243	0.282	0.392	0.674
Nick Johnson 	CLE 	24	72	12	12	4	0	2	8	24	23	0	1	0.167	0.388	0.306	0.693
Chris Carpenter 	STL 	34	72	2	8	0	0	1	4	1	25	0	0	0.111	0.135	0.153	0.288
Taylor Teagarden 	TEX 	28	71	10	11	1	0	4	6	8	34	0	0	0.155	0.259	0.338	0.597
Jody Gerut 	SEA 	32	71	7	14	4	1	2	8	3	17	0	1	0.197	0.230	0.366	0.596
Kazuo Matsui 	COL 	27	71	4	10	1	0	0	1	4	10	1	1	0.141	0.197	0.155	0.352
Chris Carter 	OAK 	24	70	8	13	1	0	3	7	7	21	1	0	0.186	0.256	0.329	0.585
Max Ramirez 	CHC 	28	69	8	15	3	0	2	8	12	22	0	0	0.217	0.341	0.348	0.689
Bronson Arroyo 	CIN 	32	68	5	10	0	0	1	8	2	31	0	0	0.147	0.169	0.191	0.360
Jeff Larish 	PHI 	27	67	5	12	3	0	2	9	7	24	1	0	0.179	0.267	0.313	0.580
Tim Lincecum 	SF 	33	67	2	7	0	0	0	5	3	29	0	0	0.104	0.143	0.104	0.247
Cole Hamels 	PHI 	32	67	4	10	2	0	0	2	0	20	0	0	0.149	0.149	0.179	0.328
Matt Cain 	SF 	33	66	3	7	1	0	0	1	1	33	0	0	0.106	0.119	0.121	0.241
Ryan Roberts 	ARI 	36	66	8	13	4	0	2	9	3	17	0	0	0.197	0.229	0.348	0.577
Brent Morel 	CWS 	21	65	9	15	3	0	3	7	4	17	2	0	0.231	0.271	0.415	0.687
Fernando Tatis 	NYM 	41	65	6	12	4	0	2	6	6	19	0	0	0.185	0.254	0.338	0.592
Rodrigo Lopez 	ATL 	31	64	2	5	0	0	0	1	1	35	0	0	0.078	0.104	0.078	0.183
Juan Miranda 	ARI 	33	64	7	14	2	1	3	10	7	12	0	0	0.219	0.296	0.422	0.718
Cory Sullivan 	PHI 	57	64	6	12	1	1	0	4	6	18	0	0	0.188	0.257	0.234	0.492
Mike Redmond 	CLE 	22	63	7	13	4	0	0	5	2	10	0	0	0.206	0.242	0.270	0.512
Brad Ausmus 	LAD 	21	63	4	14	2	0	0	2	7	15	0	0	0.222	0.310	0.254	0.564
Wandy Rodriguez 	HOU 	33	63	4	12	2	0	0	4	1	23	0	0	0.190	0.200	0.222	0.422
Hank Blalock 	TB 	26	63	8	16	3	0	1	7	6	15	1	1	0.254	0.319	0.349	0.668
Yovani Gallardo 	MIL 	32	63	7	16	4	0	4	10	5	17	0	0	0.254	0.329	0.508	0.837
Mike Pelfrey 	NYM 	32	62	2	7	0	0	0	3	2	13	0	0	0.113	0.141	0.113	0.254
Chad Billingsley 	LAD 	31	62	1	9	1	0	0	3	4	27	0	0	0.145	0.197	0.161	0.358
Brett Myers 	HOU 	31	62	2	11	1	0	0	2	2	25	0	0	0.177	0.200	0.194	0.394
Tommy Hanson 	ATL 	33	62	3	6	0	0	0	4	2	27	0	0	0.097	0.123	0.097	0.220
Domonic Brown 	PHI 	35	62	8	13	3	0	2	13	5	24	2	1	0.210	0.257	0.355	0.612
Josh Reddick 	BOS 	29	62	5	12	3	1	1	5	1	15	1	0	0.194	0.206	0.323	0.529
Johan Santana 	NYM 	27	62	2	11	3	0	1	1	0	22	0	0	0.177	0.177	0.274	0.452
Robert Andino 	BAL 	16	61	6	18	4	0	2	6	3	13	1	1	0.295	0.333	0.459	0.792
Livan Hernandez 	WAS 	33	61	2	9	1	0	1	3	1	13	0	0	0.148	0.161	0.213	0.374
Clayton Richard 	SD 	32	61	5	9	2	0	0	5	1	21	0	0	0.148	0.172	0.180	0.352
Joe Mather 	ATL 	36	60	7	13	4	0	0	3	2	11	1	1	0.217	0.242	0.283	0.525
Anibal Sanchez 	FLA 	31	59	3	6	0	0	0	1	4	28	0	0	0.102	0.159	0.102	0.260
Ryan Dempster 	CHC 	33	59	3	8	1	0	0	2	0	19	0	0	0.136	0.136	0.153	0.288
Colin Curtis 	NYY 	31	59	7	11	3	0	1	8	4	15	0	0	0.186	0.250	0.288	0.538
Josh Johnson 	FLA 	27	59	0	5	0	0	0	4	1	24	0	0	0.085	0.100	0.085	0.185
Joe Blanton 	PHI 	28	59	8	7	0	0	0	1	1	24	0	0	0.119	0.161	0.119	0.280
Gary Matthews Jr. 	CIN 	36	58	9	11	3	0	0	1	6	24	1	0	0.190	0.266	0.241	0.507
Chris Gimenez 	SEA 	28	58	6	11	5	0	1	8	8	22	0	0	0.190	0.288	0.328	0.615
Jonathan Sanchez 	SF 	32	58	2	8	0	1	0	3	0	26	0	0	0.138	0.153	0.172	0.325
Jason Hammel 	COL 	29	57	3	6	1	0	0	2	1	29	0	0	0.105	0.121	0.123	0.244
Jarrod Dyson 	KC 	18	57	11	12	4	2	1	5	6	16	9	1	0.211	0.286	0.404	0.689
Lou Montanez 	CHC 	26	57	2	8	0	0	0	3	1	9	1	0	0.140	0.155	0.140	0.296
Roy Oswalt 	PHI 	33	57	2	8	0	0	0	1	2	15	0	0	0.140	0.169	0.140	0.310
Paul Maholm 	PIT 	30	56	1	5	0	0	0	0	2	31	0	0	0.089	0.121	0.089	0.210
Jon Garland 	LAD 	34	56	6	12	1	0	0	2	6	18	0	0	0.214	0.286	0.232	0.518
Jason LaRue 	STL 	29	56	3	11	1	0	2	5	5	7	0	0	0.196	0.274	0.321	0.596
Mike Hessman 	NYM 	32	55	6	7	2	1	1	6	8	23	0	0	0.127	0.262	0.255	0.516
Jai Miller 	OAK 	20	55	5	13	3	0	1	4	4	23	1	0	0.236	0.300	0.345	0.645
Hiroki Kuroda 	LAD 	30	55	2	2	0	0	0	0	2	21	0	0	0.036	0.070	0.036	0.107
Clayton Kershaw 	LAD 	31	55	4	3	0	0	0	1	1	17	0	0	0.055	0.071	0.055	0.126
Juan Francisco 	CIN 	36	55	3	15	3	0	1	7	4	20	0	1	0.273	0.322	0.382	0.704
Eugenio Velez 	LAD 	29	55	7	9	2	0	2	8	6	9	0	0	0.164	0.246	0.309	0.555
Dan Haren 	LAA 	22	55	8	20	6	0	1	7	1	9	0	0	0.364	0.375	0.527	0.902
Mat Latos 	SD 	29	54	3	6	2	0	1	3	0	29	0	0	0.111	0.111	0.204	0.315
Johnny Cueto 	CIN 	28	54	2	6	0	0	0	2	1	22	0	0	0.111	0.127	0.111	0.238
Ian Kennedy 	ARI 	30	54	7	11	1	0	0	2	7	24	0	0	0.204	0.290	0.222	0.513
Ted Lilly 	LAD 	28	54	1	2	0	0	0	1	3	26	0	0	0.037	0.103	0.037	0.140
Jaime Garcia 	STL 	29	54	8	10	1	0	0	2	2	13	0	0	0.185	0.214	0.204	0.418
Chris Volstad 	FLA 	28	54	1	5	1	0	0	2	0	28	0	0	0.093	0.093	0.111	0.204
Dave Bush 	TEX 	38	53	6	7	1	0	0	2	4	23	0	0	0.132	0.193	0.151	0.344
Jonathon Niese 	NYM 	30	53	3	10	2	0	0	4	8	27	0	0	0.189	0.295	0.226	0.522
Derek Lowe 	ATL 	32	53	6	8	4	0	0	3	5	14	0	0	0.151	0.224	0.226	0.451
Randy Wells 	CHC 	30	52	1	9	2	0	0	3	2	15	0	0	0.173	0.204	0.212	0.415
Carlos Zambrano 	CHC 	40	52	5	12	0	0	1	6	2	15	0	0	0.231	0.255	0.288	0.543
Micah Hoffpauir 	CHC 	24	52	5	9	3	0	0	5	5	15	0	0	0.173	0.246	0.231	0.476
R.A. Dickey 	NYM 	25	51	7	13	2	0	0	5	3	8	0	0	0.255	0.296	0.294	0.590
Kyle Kendrick 	PHI 	31	51	2	5	2	0	0	0	2	16	0	0	0.098	0.132	0.137	0.269
Barry Zito 	SF 	32	51	1	6	0	0	0	2	1	17	0	0	0.118	0.135	0.118	0.252
Eduardo Nunez 	NYY 	30	50	12	14	1	0	1	7	3	2	5	0	0.280	0.321	0.360	0.681
Steve Tolleson 	OAK 	25	49	5	14	3	0	1	4	4	9	0	0	0.286	0.340	0.408	0.748
Chris Narveson 	MIL 	36	49	3	16	1	0	0	7	2	15	0	0	0.327	0.365	0.347	0.712
Josh Fields 	PIT 	13	49	5	15	0	0	3	6	1	9	0	0	0.306	0.320	0.490	0.810
Kevin Russo 	NYY 	31	49	5	9	2	0	0	4	3	9	1	0	0.184	0.245	0.224	0.470
Luis Durango 	SD 	28	48	8	12	0	0	0	4	4	7	5	0	0.250	0.308	0.250	0.558
Zach Duke 	ARI 	32	48	5	3	2	0	0	0	2	17	0	0	0.063	0.100	0.104	0.204
Mike Leake 	CIN 	27	48	5	16	1	0	0	3	5	15	0	0	0.333	0.407	0.354	0.762
Rhyne Hughes 	BAL 	14	47	3	10	2	0	0	4	4	19	0	0	0.213	0.275	0.255	0.530
Ricky Nolasco 	FLA 	23	47	3	8	3	0	0	3	2	16	0	0	0.170	0.204	0.234	0.438
J.R. Towles 	HOU 	17	47	3	9	3	0	1	8	2	12	0	0	0.191	0.235	0.319	0.554
Brandon Allen 	ARI 	22	45	5	12	3	0	1	6	10	20	0	0	0.267	0.393	0.400	0.793
Bud Norris 	HOU 	27	44	2	7	2	0	0	2	2	13	0	0	0.159	0.196	0.205	0.400
Kevin Correia 	PIT 	27	44	4	6	1	0	0	5	2	20	0	0	0.136	0.174	0.159	0.333
Wade LeBlanc 	SD 	25	44	2	13	0	0	0	1	1	12	0	0	0.295	0.311	0.295	0.607
Donnie Murphy 	FLA 	29	44	9	14	6	1	3	16	2	19	0	0	0.318	0.348	0.705	1.052
John Lannan 	WAS 	24	44	1	4	2	0	0	4	4	22	0	0	0.091	0.167	0.136	0.303
Luis Hernandez 	NYM 	17	44	4	11	1	0	2	6	2	7	1	0	0.250	0.298	0.409	0.707
Osvaldo Martinez 	FLA 	14	43	8	14	4	1	0	2	4	6	1	0	0.326	0.383	0.465	0.848
Travis Buck 	CLE 	14	42	6	7	2	0	1	2	4	14	1	0	0.167	0.255	0.286	0.541
Russ Mitchell 	LAD 	15	42	3	6	0	0	2	4	0	8	0	0	0.143	0.140	0.286	0.425
Cody Ransom 	ARI 	22	42	6	8	0	0	2	5	3	11	1	0	0.190	0.244	0.333	0.578
Yamaico Navarro 	BOS 	20	42	4	6	0	0	0	5	2	17	0	0	0.143	0.174	0.143	0.317
Trevor Plouffe 	MIN 	22	41	7	6	1	0	2	6	0	14	0	0	0.146	0.143	0.317	0.460
Jorge De La Rosa 	COL 	20	41	3	7	2	0	0	4	0	15	0	0	0.171	0.171	0.220	0.390
Eliezer Alfonzo 	COL 	13	41	4	9	1	0	1	4	0	10	0	0	0.220	0.220	0.317	0.537
Tom Gorzelanny 	WAS 	28	40	1	5	0	0	0	2	0	18	0	0	0.125	0.125	0.125	0.250
Randy Ruiz 	TOR 	13	40	3	6	2	0	1	1	0	11	1	0	0.150	0.150	0.275	0.425
Jhoulys Chacin 	COL 	26	40	0	3	0	0	0	1	1	9	0	0	0.075	0.098	0.075	0.173
Aaron Cook 	COL 	25	40	5	6	2	0	0	1	0	17	0	0	0.150	0.150	0.200	0.350
Michael Ryan 	LAA 	22	39	3	8	4	0	0	2	1	5	0	0	0.205	0.220	0.308	0.527
Dane Sardinha 	PHI 	13	39	5	8	2	0	3	8	1	13	0	0	0.205	0.225	0.487	0.712
Madison Bumgarner 	SF 	20	39	2	7	1	0	0	3	2	11	0	0	0.179	0.220	0.205	0.425
Jair Jurrjens 	ATL 	20	39	2	5	1	0	0	2	2	14	0	0	0.128	0.190	0.154	0.344
Matt Pagnozzi 	COL 	15	39	4	14	2	0	1	10	2	8	0	0	0.359	0.405	0.487	0.892
Drew Sutton 	BOS 	13	39	5	10	1	0	2	8	3	13	0	0	0.256	0.310	0.436	0.745
Craig Stammen 	WAS 	36	38	2	9	3	0	0	6	1	15	0	0	0.237	0.250	0.316	0.566
Mike Lamb 	FLA 	39	38	2	7	1	1	0	4	2	6	0	0	0.184	0.225	0.263	0.488
Edwin Jackson 	CWS 	20	38	5	6	0	0	1	3	2	22	0	0	0.158	0.200	0.237	0.437
Chris Valaika 	CIN 	19	38	3	10	1	0	1	2	1	9	0	0	0.263	0.282	0.368	0.650
Matt Mangini 	SEA 	11	38	2	8	0	0	0	1	2	13	0	0	0.211	0.250	0.211	0.461
Aaron Harang 	SD 	21	37	1	5	1	0	0	2	0	13	0	0	0.135	0.135	0.162	0.297
Travis Wood 	CIN 	17	37	1	7	2	1	1	3	0	15	0	0	0.189	0.189	0.378	0.568
Mike Carp 	SEA 	14	37	1	7	2	0	0	0	4	8	0	0	0.189	0.268	0.243	0.512
Scott Cousins 	FLA 	27	37	2	11	2	2	0	2	1	13	0	0	0.297	0.316	0.459	0.775
Lucas May 	KC 	12	37	3	7	1	0	0	6	0	10	0	1	0.189	0.205	0.216	0.421
Jose Morales 	COL 	19	36	4	7	2	0	0	7	6	14	0	0	0.194	0.295	0.250	0.545
Nick Evans 	NYM 	20	36	5	11	3	0	1	5	1	10	0	0	0.306	0.324	0.472	0.797
Kyle Lohse 	STL 	21	35	2	6	2	0	0	3	0	8	0	0	0.171	0.171	0.229	0.400
Jay Payton 	COL 	20	35	3	12	4	1	0	1	1	4	1	0	0.343	0.361	0.514	0.875
Lance Zawadzki 	KC 	20	35	4	7	2	0	0	1	5	7	1	0	0.200	0.300	0.257	0.557
Willy Taveras 	COL 	27	35	7	7	0	1	0	4	2	6	1	2	0.200	0.243	0.257	0.500
J.P. Arencibia 	TOR 	11	35	3	5	1	0	2	4	2	11	0	0	0.143	0.189	0.343	0.532
Lars Anderson 	BOS 	18	35	4	7	1	0	0	4	7	8	0	0	0.200	0.326	0.229	0.554
Daniel Descalso 	STL 	11	34	6	9	2	0	0	4	2	6	1	0	0.265	0.324	0.324	0.648
Manny Parra 	MIL 	40	34	2	6	2	0	0	1	3	14	0	0	0.176	0.263	0.235	0.498
Jarrett Hoffpauir 	SD 	13	34	1	7	1	0	0	0	2	5	0	0	0.206	0.250	0.235	0.485
Erik Kratz 	PHI 	9	34	2	4	0	0	0	1	2	9	0	0	0.118	0.167	0.118	0.284
Craig Gentry 	TEX 	20	33	4	7	0	0	0	3	1	11	1	0	0.212	0.229	0.212	0.441
Barry Enright 	ARI 	18	33	1	8	1	0	0	6	0	9	0	0	0.242	0.235	0.273	0.508
Homer Bailey 	CIN 	18	33	1	7	0	0	0	2	2	15	0	0	0.212	0.257	0.212	0.469
Ryan Garko 	TEX 	15	33	0	3	0	0	0	3	3	4	0	0	0.091	0.167	0.091	0.258
Robb Quinlan 	PHI 	23	33	4	4	2	0	0	2	2	6	2	0	0.121	0.171	0.182	0.353
Argenis Diaz 	DET 	22	33	0	8	1	0	0	2	3	10	0	1	0.242	0.306	0.273	0.578
Jeff Karstens 	PIT 	24	33	0	2	0	0	0	0	1	16	0	0	0.061	0.088	0.061	0.149
Bryan Anderson 	STL 	15	32	1	9	2	0	0	4	1	7	0	0	0.281	0.314	0.344	0.658
Josh Donaldson 	OAK 	14	32	1	5	1	0	1	4	2	12	0	0	0.156	0.206	0.281	0.487
Eric Byrnes 	SEA 	15	32	1	3	2	0	0	0	6	9	1	0	0.094	0.237	0.156	0.393
Carlos Silva 	CHC 	19	31	0	2	1	0	0	2	3	12	0	0	0.065	0.147	0.097	0.244
Alejandro De Aza 	CWS 	19	30	7	9	3	0	0	2	1	4	2	1	0.300	0.323	0.400	0.723
Matt Watson 	OAK 	12	30	2	6	2	0	1	4	3	5	0	0	0.200	0.273	0.367	0.639
Greg Halman 	SEA 	9	29	1	4	1	0	0	3	1	11	1	0	0.138	0.167	0.172	0.339
Steve Pearce 	PIT 	15	29	4	8	2	1	0	5	7	6	0	0	0.276	0.395	0.414	0.809
Yonder Alonso 	CIN 	22	29	2	6	2	0	0	3	0	10	0	0	0.207	0.207	0.276	0.483
Hector Luna 	BOS 	27	29	2	4	1	0	2	4	0	13	0	1	0.138	0.133	0.379	0.513
Hank Conger 	LAA 	13	29	2	5	1	1	0	5	5	9	0	0	0.172	0.294	0.276	0.570
Brian Barden 	TEX 	35	28	2	5	0	0	0	3	3	12	0	2	0.179	0.281	0.179	0.460
Brian Bogusevic 	HOU 	19	28	5	5	3	0	0	3	3	12	1	1	0.179	0.258	0.286	0.544
Ben Revere 	MIN 	13	28	1	5	0	0	0	2	2	5	0	1	0.179	0.233	0.179	0.412
Sam Fuld 	TB 	19	28	3	4	1	0	0	3	3	5	0	0	0.143	0.226	0.179	0.404
Jake Westbrook 	STL 	13	27	1	3	1	0	0	1	1	12	0	0	0.111	0.143	0.148	0.291
Daniel Hudson 	ARI 	11	27	1	4	2	0	0	6	0	7	0	0	0.148	0.179	0.222	0.401
Kris Medlen 	ATL 	31	27	2	5	1	0	0	2	3	14	0	0	0.185	0.290	0.222	0.513
Kevin Mench 	WAS 	27	27	2	3	0	0	0	1	2	6	0	0	0.111	0.172	0.111	0.284
John Ely 	LAD 	17	27	1	2	0	0	0	1	1	13	0	0	0.074	0.107	0.074	0.181
Brad Snyder 	CHC 	12	27	1	5	1	0	0	5	1	12	0	0	0.185	0.214	0.222	0.437
Jamie Moyer 	PHI 	16	26	1	2	0	0	0	1	3	13	0	0	0.077	0.172	0.077	0.249
Jeff Suppan 	SF 	28	26	1	5	1	0	0	1	1	6	0	0	0.192	0.222	0.231	0.453
Vicente Padilla 	LAD 	15	26	5	4	1	0	0	2	2	12	0	0	0.154	0.241	0.192	0.434
Charlie Morton 	PIT 	17	26	0	1	0	0	0	0	0	18	0	0	0.038	0.038	0.038	0.077
Ross Ohlendorf 	PIT 	18	26	0	2	0	0	0	0	2	16	0	0	0.077	0.143	0.077	0.220
Brandon Moss 	PHI 	17	26	2	4	1	0	0	2	1	6	0	0	0.154	0.185	0.192	0.377
Nate Robertson 	SEA 	19	26	2	5	1	0	0	1	2	6	0	0	0.192	0.250	0.231	0.481
J.A. Happ 	HOU 	16	26	0	0	0	0	0	0	1	9	0	0	0.000	0.037	0.000	0.037
Frank Catalanotto 	NYM 	25	25	2	4	1	0	0	1	1	5	0	0	0.160	0.192	0.200	0.392
Luis Atilano 	WAS 	13	25	0	1	0	0	0	0	0	10	0	0	0.040	0.040	0.040	0.080
Chris Nelson 	COL 	17	25	7	7	1	0	0	0	1	4	1	0	0.280	0.308	0.320	0.628
Brian Burres 	PIT 	20	25	0	3	0	1	0	3	0	14	0	0	0.120	0.120	0.200	0.320
Bryan Petersen 	FLA 	23	24	1	2	0	0	0	2	1	6	0	0	0.083	0.120	0.083	0.203
Jarrod Saltalamacchia 	BOS 	12	24	2	4	3	0	0	2	6	5	0	0	0.167	0.333	0.292	0.625
Kenshin Kawakami 	ATL 	18	24	2	3	1	0	0	1	3	9	0	0	0.125	0.222	0.167	0.389
Joe Saunders 	ARI 	14	24	0	2	0	0	0	1	1	8	1	0	0.083	0.120	0.083	0.203
Felipe Paulino 	COL 	18	24	1	7	1	0	0	0	1	8	0	0	0.292	0.346	0.333	0.679
Freddie Freeman 	ATL 	20	24	3	4	1	0	1	1	0	8	0	0	0.167	0.167	0.333	0.500
Mike Jacobs 	COL 	7	24	1	5	1	0	1	2	3	7	0	0	0.208	0.296	0.375	0.671
Brad Eldred 	SF 	11	24	4	6	1	0	1	3	2	10	0	0	0.250	0.333	0.417	0.750
Scott Olsen 	PIT 	17	24	0	2	0	0	0	0	0	12	0	0	0.083	0.083	0.083	0.167
Rocco Baldelli 	TB 	10	24	3	5	1	0	1	5	1	5	1	0	0.208	0.240	0.375	0.615
Alex Presley 	PIT 	19	23	2	6	1	0	0	0	1	8	1	1	0.261	0.292	0.304	0.596
Jeff Frazier 	WAS 	9	23	3	5	1	0	0	1	1	6	0	0	0.217	0.250	0.261	0.511
Chin-lung Hu 	NYM 	14	23	2	3	1	0	0	1	0	5	1	0	0.130	0.160	0.174	0.334
Trent Oeltjen 	LAD 	14	23	5	5	1	1	0	1	4	8	0	0	0.217	0.357	0.348	0.705
Paul Phillips 	CLE 	12	23	4	5	0	0	0	1	2	7	0	0	0.217	0.280	0.217	0.497
Greg Golson 	NYY 	24	23	3	6	2	0	0	2	0	3	0	2	0.261	0.261	0.348	0.609
Jason Marquis 	WAS 	17	22	1	3	1	0	0	2	0	2	0	0	0.136	0.136	0.182	0.318
Paul McAnulty 	LAA 	9	22	2	3	0	0	1	2	2	11	0	0	0.136	0.208	0.273	0.481
Jeff Francis 	KC 	18	22	2	2	0	0	0	1	4	6	0	0	0.091	0.222	0.091	0.313
Paul Hoover 	BOS 	9	22	6	5	2	0	0	2	3	5	0	0	0.227	0.320	0.318	0.638
Alex Sanabia 	FLA 	14	22	0	1	0	0	0	0	0	11	0	0	0.045	0.087	0.045	0.132
Desmond Jennings 	TB 	17	21	5	4	1	1	0	2	2	4	2	2	0.190	0.292	0.333	0.625
James McDonald 	PIT 	15	21	2	1	1	0	0	0	1	12	0	0	0.048	0.091	0.095	0.186
Jeremy Reed 	MIL 	14	21	1	3	0	0	1	3	2	8	1	0	0.143	0.217	0.286	0.503
Nick Green 	BAL 	14	21	2	3	0	0	0	2	1	5	0	0	0.143	0.217	0.143	0.360
Casey Coleman 	CHC 	12	20	2	2	1	0	0	2	1	11	0	0	0.100	0.143	0.150	0.293
Stephen Strasburg 	WAS 	11	20	0	1	0	0	0	1	0	7	0	0	0.050	0.050	0.050	0.100
Todd Wellemeyer 	CHC 	13	20	2	2	0	0	0	0	0	11	0	0	0.100	0.100	0.100	0.200
Oswaldo Navarro 	HOU 	14	20	2	1	0	0	0	0	5	4	0	0	0.050	0.240	0.050	0.290
Brandon Snyder 	BAL 	10	20	1	6	2	0	0	3	0	3	0	1	0.300	0.300	0.400	0.700
Welington Castillo 	CHC 	7	20	3	6	4	0	1	5	1	7	0	0	0.300	0.333	0.650	0.983
Chris Woodward 	TOR 	8	19	0	3	1	0	0	0	3	9	0	0	0.158	0.273	0.211	0.483
Brad Penny 	DET 	9	19	1	3	0	0	1	4	0	6	0	0	0.158	0.158	0.316	0.474
Jonathan Van Every 	WAS 	21	19	6	4	1	0	1	1	2	9	0	0	0.211	0.286	0.421	0.707
Fernando Martinez 	NYM 	7	18	1	3	0	0	0	2	1	5	0	1	0.167	0.273	0.167	0.439
Chris Capuano 	NYM 	24	18	0	1	0	0	0	0	0	9	0	0	0.056	0.056	0.056	0.111
Chad Huffman 	CLE 	9	18	1	3	0	0	0	2	2	5	0	0	0.167	0.286	0.167	0.452
Esmil Rogers 	COL 	31	18	2	3	2	0	0	1	0	7	0	0	0.167	0.167	0.278	0.444
Edinson Volquez 	CIN 	12	17	1	2	0	0	0	0	1	7	0	0	0.118	0.167	0.118	0.284
Nelson Figueroa 	HOU 	30	17	1	4	1	0	0	0	0	3	0	0	0.235	0.235	0.294	0.529
Luis Cruz 	MIL 	7	17	2	4	0	1	0	1	0	2	0	0	0.235	0.235	0.353	0.588
Justin Turner 	NYM 	9	17	1	1	1	0	0	0	1	3	0	0	0.059	0.111	0.118	0.229
Tim Stauffer 	SD 	32	17	2	3	2	0	0	2	2	12	0	0	0.176	0.263	0.294	0.557
Hisanori Takahashi 	LAA 	51	16	0	1	0	0	0	0	0	3	0	0	0.063	0.063	0.063	0.125
Blake Hawksworth 	LAD 	44	16	0	0	0	0	0	0	0	9	0	0	0.000	0.000	0.000	0.000
Mat Gamel 	MIL 	12	15	1	3	1	0	0	1	1	8	0	0	0.200	0.294	0.267	0.561
Donny Lucy 	CWS 	7	15	2	5	3	0	1	2	2	3	1	0	0.333	0.444	0.733	1.178
Brad Lincoln 	PIT 	10	15	0	6	0	0	0	3	0	3	0	0	0.400	0.400	0.400	0.800
Ryan Rohlinger 	SF 	12	15	1	3	0	0	0	1	2	5	0	0	0.200	0.294	0.200	0.494
Mark Trumbo 	LAA 	8	15	2	1	0	0	0	2	1	8	0	0	0.067	0.125	0.067	0.192
Micah Owings 	ARI 	25	14	2	3	0	0	1	3	0	6	0	0	0.214	0.214	0.429	0.643
Mark Hamilton 	STL 	9	14	0	2	0	0	0	0	1	5	0	0	0.143	0.200	0.143	0.343
Chad Moeller 	COL 	9	14	2	3	3	0	0	0	1	4	0	0	0.214	0.267	0.429	0.695
Luke Carlin 	CLE 	6	14	4	5	0	0	2	3	2	5	0	0	0.357	0.438	0.786	1.223
Daniel McCutchen 	PIT 	27	14	1	1	0	0	0	0	0	5	1	0	0.071	0.133	0.071	0.205
Mike Rivera 	MIL 	7	14	0	0	0	0	0	0	2	3	0	0	0.000	0.176	0.000	0.176
Carlos Monasterios 	LAD 	31	14	1	1	0	0	0	0	0	7	0	0	0.071	0.071	0.071	0.143
Doug Davis 	MIL 	8	13	0	0	0	0	0	1	0	5	0	0	0.000	0.000	0.000	0.000
Cory Aldridge 	LAA 	5	13	0	1	0	1	0	1	0	5	0	0	0.077	0.077	0.231	0.308
Bobby Scales 	CHC 	10	13	4	4	0	0	0	2	7	5	1	0	0.308	0.550	0.308	0.858
Greg Smith 	COL 	10	13	2	4	2	0	0	2	0	1	0	0	0.308	0.308	0.462	0.769
Esteban German 	TEX 	13	13	5	3	0	0	0	1	3	2	4	1	0.231	0.375	0.231	0.606
Dillon Gee 	NYM 	5	12	0	2	1	0	0	1	0	8	0	0	0.167	0.167	0.250	0.417
J.D. Martin 	WAS 	8	12	0	2	1	0	0	0	0	4	0	0	0.167	0.167	0.250	0.417
John Mayberry 	PHI 	11	12	4	4	0	0	2	6	1	4	0	1	0.333	0.385	0.833	1.218
John Lindsey 	LAD 	11	12	0	1	0	0	0	0	0	3	0	0	0.083	0.154	0.083	0.237
Dusty Brown 	PIT 	7	12	0	3	1	0	0	2	0	2	0	0	0.250	0.250	0.333	0.583
Carlos Maldonado 	WAS 	4	11	1	3	0	0	1	3	1	2	0	0	0.273	0.333	0.545	0.879
Sam LeCure 	CIN 	14	11	2	1	1	0	0	0	0	2	0	0	0.091	0.091	0.182	0.273
Andrew Romine 	LAA 	5	11	0	1	0	0	0	0	0	4	0	0	0.091	0.091	0.091	0.182
Tyler Flowers 	CWS 	8	11	2	1	0	0	0	0	4	5	0	0	0.091	0.333	0.091	0.424
Jered Weaver 	LAA 	3	10	1	2	0	0	0	0	0	3	0	0	0.200	0.200	0.200	0.400
Mike Nickeas 	NYM 	5	10	0	2	0	0	0	0	0	5	0	0	0.200	0.200	0.200	0.400
Jordan Zimmermann 	WAS 	7	10	0	2	0	0	0	0	0	2	0	0	0.200	0.200	0.200	0.400
Mike Minor 	ATL 	9	10	0	0	0	0	0	0	1	7	0	0	0.000	0.091	0.000	0.091
Ryan Budde 	TOR 	6	10	2	4	1	0	1	3	1	5	0	0	0.400	0.455	0.800	1.255
John Maine 	COL 	10	10	0	0	0	0	0	0	0	6	0	0	0.000	0.000	0.000	0.000
Raul Valdes 	STL 	36	10	1	4	1	0	0	1	0	3	0	0	0.400	0.400	0.500	0.900
John Raynor 	FLA 	11	10	1	2	0	0	0	0	1	3	0	0	0.200	0.273	0.200	0.473
Brian Moehler 	HOU 	18	10	0	1	0	0	0	0	0	3	0	0	0.100	0.100	0.100	0.200
Andrew Miller 	BOS 	9	9	0	0	0	0	0	0	0	3	0	0	0.000	0.000	0.000	0.000
Oliver Perez 	WAS 	17	9	0	1	0	0	0	1	1	4	0	0	0.111	0.200	0.111	0.311
Max St. Pierre 	DET 	6	9	1	2	1	0	0	0	0	2	0	0	0.222	0.222	0.333	0.556
Diory Hernandez 	ATL 	20	9	5	1	0	0	1	1	0	4	0	0	0.111	0.111	0.444	0.556
Wesley Wright 	HOU 	11	8	0	0	0	0	0	0	0	3	0	0	0.000	0.000	0.000	0.000
Konrad Schmidt 	ARI 	4	8	0	1	0	0	0	0	1	0	0	0	0.125	0.222	0.125	0.347
Adam Stern 	MIL 	6	8	0	0	0	0	0	1	0	2	0	0	0.000	0.000	0.000	0.000
Pat Misch 	NYM 	12	8	0	1	0	0	0	0	0	4	0	0	0.125	0.125	0.125	0.250
Mike Baxter 	SD 	9	8	0	1	0	0	0	1	0	2	0	0	0.125	0.111	0.125	0.236
Michael McKenry 	COL 	6	8	0	0	0	0	0	0	1	5	0	0	0.000	0.111	0.000	0.111
Miguel Batista 	STL 	54	8	0	1	0	0	0	0	0	5	0	0	0.125	0.125	0.125	0.250
P.J. Walters 	STL 	7	7	0	0	0	0	0	0	1	5	0	0	0.000	0.125	0.000	0.125
Guillermo Quiroz 	SD 	2	7	1	2	1	0	0	0	0	1	0	0	0.286	0.286	0.429	0.714
Colby Lewis 	TEX 	2	7	1	2	0	0	0	2	0	2	0	0	0.286	0.286	0.286	0.571
Sean Gallagher 	PIT 	46	7	1	0	0	0	0	0	1	5	0	0	0.000	0.125	0.000	0.125
Luke Hughes 	MIN 	2	7	1	2	0	0	1	1	0	3	0	1	0.286	0.286	0.714	1.000
Adalberto Mendez 	FLA 	5	7	0	2	0	0	0	0	0	1	0	0	0.286	0.286	0.286	0.571
David Price 	TB 	4	7	0	1	0	0	0	0	0	5	0	0	0.143	0.143	0.143	0.286
Yunesky Maya 	WAS 	5	7	0	1	0	0	0	0	0	4	0	0	0.143	0.143	0.143	0.286
Gustavo Molina 	NYY 	4	7	1	1	0	0	0	0	0	2	0	0	0.143	0.143	0.143	0.286
Thomas Diamond 	CHC 	16	7	1	0	0	0	0	0	1	6	0	0	0.000	0.125	0.000	0.125
Jake Peavy 	CWS 	2	7	0	1	0	0	0	0	0	3	0	0	0.143	0.143	0.143	0.286
Ryan Shealy 	TOR 	5	7	0	0	0	0	0	0	0	2	0	0	0.000	0.000	0.000	0.000
Brandon Boggs 	MIL 	4	7	0	0	0	0	0	0	1	4	0	0	0.000	0.125	0.000	0.125
Eric Sogard 	OAK 	4	7	0	3	0	0	0	0	2	1	0	1	0.429	0.556	0.429	0.984
Ross Detwiler 	WAS 	8	7	0	0	0	0	0	0	0	3	0	0	0.000	0.000	0.000	0.000
Pedro Ciriaco 	PIT 	8	6	3	3	1	1	0	1	0	3	0	0	0.500	0.500	1.000	1.500
Charlie Haeger 	SEA 	8	6	0	0	0	0	0	1	1	5	0	0	0.000	0.125	0.000	0.125
Adam Ottavino 	STL 	5	6	0	0	0	0	0	0	1	5	0	0	0.000	0.143	0.000	0.143
Zack Greinke 	MIL 	2	6	0	0	0	0	0	0	0	1	0	0	0.000	0.000	0.000	0.000
D.J. Carrasco 	NYM 	59	6	0	0	0	0	0	0	0	3	0	0	0.000	0.000	0.000	0.000
Dontrelle Willis 	CIN 	7	6	1	1	0	0	0	0	1	1	0	0	0.167	0.286	0.167	0.452
Jason Vargas 	SEA 	3	6	0	0	0	0	0	0	0	3	0	0	0.000	0.000	0.000	0.000
Carl Pavano 	MIN 	2	6	0	3	0	0	0	0	0	2	0	0	0.500	0.500	0.500	1.000
Scott Feldman 	TEX 	2	6	1	1	1	0	0	0	0	3	0	0	0.167	0.167	0.333	0.500
Scott Kazmir 	LAA 	3	6	0	0	0	0	0	0	0	3	0	0	0.000	0.000	0.000	0.000
Chris Hatcher 	FLA 	5	6	0	0	0	0	0	0	2	5	0	0	0.000	0.250	0.000	0.250
Brandon Hicks 	ATL 	16	5	7	0	0	0	0	0	1	2	0	0	0.000	0.167	0.000	0.167
Freddy Garcia 	NYY 	2	5	0	0	0	0	0	0	0	1	0	0	0.000	0.000	0.000	0.000
Mitch Talbot 	CLE 	2	5	0	0	0	0	0	0	0	4	0	0	0.000	0.000	0.000	0.000
Brandon Beachy 	ATL 	3	5	1	1	0	0	0	0	1	4	0	0	0.200	0.333	0.200	0.533
John Lackey 	BOS 	3	5	1	2	1	0	0	0	0	1	0	0	0.400	0.400	0.600	1.000
Emmanuel Burriss 	SF 	7	5	3	2	0	0	0	0	0	1	0	0	0.400	0.400	0.400	0.800
Brian Wilson 	SF 	69	5	0	0	0	0	0	0	0	1	0	0	0.000	0.000	0.000	0.000
Manuel Corpas 	COL 	51	5	0	0	0	0	0	0	2	3	0	0	0.000	0.286	0.000	0.286
Kris Benson 	ARI 	3	5	0	1	0	0	0	0	0	1	0	0	0.200	0.200	0.200	0.400
Brian Bannister 	KC 	3	5	1	1	1	0	0	1	0	3	0	0	0.200	0.200	0.400	0.600
Chris Young 	NYM 	4	5	0	0	0	0	0	0	1	4	0	0	0.000	0.167	0.000	0.167
Armando Galarraga 	ARI 	2	5	0	0	0	0	0	0	0	4	0	0	0.000	0.000	0.000	0.000
Cory Luebke 	SD 	4	5	0	0	0	0	0	0	0	5	0	0	0.000	0.000	0.000	0.000
Jeff Weaver 	LAD 	42	5	0	1	0	0	0	0	0	3	0	0	0.200	0.200	0.200	0.400
Brian Bocock 	PHI 	6	5	2	0	0	0	0	0	0	3	0	0	0.000	0.000	0.000	0.000
Jeff Niemann 	TB 	3	5	0	0	0	0	0	0	0	3	0	0	0.000	0.000	0.000	0.000
Mark Buehrle 	CWS 	2	5	0	0	0	0	0	0	0	3	0	0	0.000	0.000	0.000	0.000
CC Sabathia 	NYY 	2	5	0	1	0	0	0	0	0	3	0	0	0.200	0.200	0.200	0.400
Ramon Ortiz 	TB 	16	5	0	0	0	0	0	0	0	2	0	0	0.000	0.000	0.000	0.000
Kevin Millwood 	NYY 	2	5	0	0	0	0	0	0	0	4	0	0	0.000	0.000	0.000	0.000
Andy Pettitte 	NYY 	2	4	0	1	0	0	0	0	0	3	0	0	0.250	0.250	0.250	0.500
Cesar Valdez 	PIT 	9	4	0	0	0	0	0	0	0	3	0	0	0.000	0.000	0.000	0.000
Brent Clevlen 	ATL 	4	4	2	1	1	0	0	0	0	1	0	0	0.250	0.250	0.500	0.750
Ricky Romero 	TOR 	2	4	0	0	0	0	0	0	0	3	0	0	0.000	0.000	0.000	0.000
C.J. Wilson 	TEX 	3	4	0	0	0	0	0	0	0	1	0	0	0.000	0.000	0.000	0.000
Matt Belisle 	COL 	73	4	0	1	1	0	0	2	0	2	0	0	0.250	0.400	0.500	0.900
James Russell 	CHC 	57	4	0	0	0	0	0	0	0	2	0	0	0.000	0.000	0.000	0.000
Logan Ondrusek 	CIN 	59	4	0	0	0	0	0	0	0	4	0	0	0.000	0.000	0.000	0.000
Cristhian Martinez 	ATL 	18	4	0	0	0	0	0	0	0	3	0	0	0.000	0.000	0.000	0.000
Carlos Fisher 	CIN 	17	4	0	0	0	0	0	0	0	4	0	0	0.000	0.000	0.000	0.000
Jeff Samardzija 	CHC 	7	4	0	1	0	0	0	1	2	2	0	0	0.250	0.500	0.250	0.750
Tim Wakefield 	BOS 	2	4	0	0	0	0	0	0	1	2	0	0	0.000	0.200	0.000	0.200
Vin Mazzaro 	KC 	2	4	0	0	0	0	0	0	0	2	0	0	0.000	0.000	0.000	0.000
Justin Masterson 	CLE 	2	4	0	1	0	0	0	0	0	1	0	0	0.250	0.250	0.250	0.500
Niuman Romero 	TOR 	2	4	1	0	0	0	0	0	0	0	0	0	0.000	0.000	0.000	0.000
Billy Buckner 	COL 	3	4	0	1	0	0	0	0	1	0	0	0	0.250	0.400	0.250	0.650
Sean Marshall 	CHC 	74	4	0	0	0	0	0	0	0	4	0	0	0.000	0.000	0.000	0.000
Justin Verlander 	DET 	2	4	0	0	0	0	0	0	0	3	0	0	0.000	0.000	0.000	0.000
Gavin Floyd 	CWS 	2	4	0	1	0	0	0	0	1	2	0	0	0.250	0.400	0.250	0.650
Shaun Marcum 	MIL 	2	4	1	1	1	0	0	1	1	2	0	0	0.250	0.400	0.500	0.900
Ryan Rowland-Smith 	HOU 	2	4	0	0	0	0	0	0	0	3	0	0	0.000	0.000	0.000	0.000
Fausto Carmona 	CLE 	2	4	0	0	0	0	0	0	0	2	0	0	0.000	0.000	0.000	0.000
Carlos Villanueva 	TOR 	47	4	0	0	0	0	0	0	0	2	0	0	0.000	0.000	0.000	0.000
Gio Gonzalez 	OAK 	2	4	0	0	0	0	0	0	0	3	0	0	0.000	0.000	0.000	0.000
Daisuke Matsuzaka 	BOS 	2	4	0	2	0	0	0	1	0	0	0	0	0.500	0.500	0.500	1.000
Jordan Smith 	CIN 	35	3	0	0	0	0	0	0	0	1	0	0	0.000	0.000	0.000	0.000
Jeremy Guthrie 	BAL 	1	3	0	0	0	0	0	0	0	2	0	0	0.000	0.000	0.000	0.000
Matt Garza 	CHC 	2	3	0	0	0	0	0	0	0	3	0	0	0.000	0.000	0.000	0.000
Vance Worley 	PHI 	5	3	0	0	0	0	0	0	0	3	0	0	0.000	0.000	0.000	0.000
Brad Bergesen 	BAL 	1	3	0	1	0	0	0	0	0	0	0	0	0.333	0.333	0.333	0.667
Scott Baker 	MIN 	2	3	0	0	0	0	0	0	0	2	0	0	0.000	0.000	0.000	0.000
Brian Esposito 	HOU 	2	3	0	0	0	0	0	0	0	1	0	0	0.000	0.000	0.000	0.000
Claudio Vargas 	COL 	16	3	0	0	0	0	0	0	0	3	0	0	0.000	0.000	0.000	0.000
Joel Pineiro 	LAA 	2	3	3	0	0	0	0	0	2	2	0	0	0.000	0.400	0.000	0.400
Jake Arrieta 	BAL 	2	3	0	0	0	0	0	0	1	1	0	0	0.000	0.250	0.000	0.250
Ryan Franklin 	STL 	57	3	0	0	0	0	0	0	0	3	0	0	0.000	0.000	0.000	0.000
Sean West 	FLA 	2	3	0	0	0	0	0	0	0	2	0	0	0.000	0.000	0.000	0.000
John Danks 	CWS 	1	3	0	0	0	0	0	0	0	1	0	0	0.000	0.000	0.000	0.000
Brandon Morrow 	TOR 	2	3	0	0	0	0	0	0	0	1	0	0	0.000	0.000	0.000	0.000
Ben Sheets 	OAK 	2	3	0	1	0	0	0	0	0	2	0	0	0.333	0.333	0.333	0.667
Joel Peralta 	TB 	38	3	0	0	0	0	0	0	0	2	0	0	0.000	0.000	0.000	0.000
Joe Martinez 	CLE 	9	3	0	0	0	0	0	0	0	1	0	0	0.000	0.000	0.000	0.000
Jon Lester 	BOS 	2	3	0	0	0	0	0	1	1	2	0	0	0.000	0.200	0.000	0.200
Steven Hill 	STL 	1	3	1	1	0	0	1	1	0	1	0	0	0.333	0.333	1.333	1.667
Trevor Cahill 	OAK 	2	3	0	0	0	0	0	0	0	1	0	0	0.000	0.000	0.000	0.000
Mitchell Boggs 	STL 	58	3	0	0	0	0	0	0	0	1	0	0	0.000	0.000	0.000	0.000
David Hernandez 	ARI 	4	3	0	0	0	0	0	0	0	1	0	0	0.000	0.000	0.000	0.000
Jenrry Mejia 	NYM 	30	3	1	1	0	0	0	0	0	1	0	0	0.333	0.333	0.333	0.667
Cliff Lee 	PHI 	1	3	0	0	0	0	0	0	0	2	0	0	0.000	0.000	0.000	0.000
Matt Maloney 	CIN 	7	3	0	1	0	0	0	0	0	1	0	0	0.333	0.333	0.333	0.667
Drew Storen 	WAS 	50	2	0	1	0	0	0	0	0	1	0	0	0.500	0.500	0.500	1.000
Mike McClendon 	MIL 	17	2	0	1	0	0	0	0	0	0	0	0	0.500	0.500	0.500	1.000
Fernando Nieve 	HOU 	39	2	0	0	0	0	0	0	0	0	0	0	0.000	0.000	0.000	0.000
Mark Rogers 	MIL 	4	2	1	1	0	0	0	0	0	1	0	0	0.500	0.500	0.500	1.000
Brian Matusz 	BAL 	1	2	0	0	0	0	0	0	0	0	0	0	0.000	0.000	0.000	0.000
Esmerling Vasquez 	ARI 	55	2	0	0	0	0	0	0	0	1	0	0	0.000	0.000	0.000	0.000
David Huff 	CLE 	1	2	0	0	0	0	0	0	0	1	0	0	0.000	0.000	0.000	0.000
Jeremy Bonderman 	DET 	1	2	0	0	0	0	0	0	0	1	0	0	0.000	0.000	0.000	0.000
Tyler Clippard 	WAS 	74	2	0	1	0	0	0	0	0	1	0	0	0.500	0.500	0.500	1.000
Matt Chico 	WAS 	1	2	0	0	0	0	0	0	0	0	0	0	0.000	0.000	0.000	0.000
Marcos Mateo 	CHC 	21	2	0	0	0	0	0	0	0	1	0	0	0.000	0.000	0.000	0.000
Francisco Liriano 	MIN 	1	2	0	0	0	0	0	0	0	1	0	0	0.000	0.000	0.000	0.000
Dennys Reyes 	BOS 	56	2	0	0	0	0	0	0	0	0	0	0	0.000	0.000	0.000	0.000
David Herndon 	PHI 	43	2	0	0	0	0	0	0	0	2	0	0	0.000	0.000	0.000	0.000
Jose Ceda 	FLA 	8	2	0	0	0	0	0	0	0	2	0	0	0.000	0.000	0.000	0.000
Jason Motte 	STL 	55	2	0	0	0	0	0	0	0	2	0	0	0.000	0.000	0.000	0.000
Felix Hernandez 	SEA 	1	2	0	0	0	0	0	0	0	1	0	0	0.000	0.000	0.000	0.000
Brett Cecil 	TOR 	1	2	0	0	0	0	0	0	0	2	0	0	0.000	0.000	0.000	0.000
Kevin Slowey 	MIN 	3	2	0	0	0	0	0	0	0	1	0	0	0.000	0.000	0.000	0.000
Andy Oliver 	DET 	1	2	0	0	0	0	0	0	0	1	0	0	0.000	0.000	0.000	0.000
Doug Fister 	SEA 	1	2	0	0	0	0	0	0	0	2	0	0	0.000	0.000	0.000	0.000
Kameron Loe 	MIL 	52	2	0	0	0	0	0	0	0	2	0	0	0.000	0.000	0.000	0.000
Garrett Mock 	WAS 	1	2	0	0	0	0	0	0	0	1	0	0	0.000	0.000	0.000	0.000
Andrew Cashner 	CHC 	51	2	0	0	0	0	0	0	0	2	0	0	0.000	0.000	0.000	0.000
Ramon Troncoso 	LAD 	49	2	0	0	0	0	0	1	1	1	0	0	0.000	0.333	0.000	0.333
Mitch Atkins 	BAL 	5	2	0	0	0	0	0	0	0	1	0	0	0.000	0.000	0.000	0.000
Jorge Sosa 	FLA 	22	2	0	1	0	0	0	0	0	1	0	0	0.500	0.500	0.500	1.000
Clay Hensley 	FLA 	66	2	0	0	0	0	0	0	0	1	0	0	0.000	0.000	0.000	0.000
Leo Rosales 	ARI 	16	2	0	0	0	0	0	0	0	0	0	0	0.000	0.000	0.000	0.000
James Shields 	TB 	2	2	0	1	0	0	0	0	0	0	0	0	0.500	0.500	0.500	1.000
Chad Durbin 	CLE 	63	2	0	0	0	0	0	0	0	2	0	0	0.000	0.000	0.000	0.000
Blaine Boyer 	NYM 	51	2	0	0	0	0	0	0	0	1	0	0	0.000	0.000	0.000	0.000
Mike Dunn 	FLA 	25	2	1	0	0	0	0	0	0	1	0	0	0.000	0.000	0.000	0.000
Tim Byrdak 	NYM 	59	2	0	0	0	0	0	0	0	1	0	0	0.000	0.000	0.000	0.000
Max Scherzer 	DET 	1	2	0	0	0	0	0	0	0	0	0	0	0.000	0.000	0.000	0.000
Tyler Walker 	WAS 	22	2	0	0	0	0	0	0	0	1	0	0	0.000	0.000	0.000	0.000
Zach Kroenke 	ARI 	3	2	0	0	0	0	0	0	0	1	0	0	0.000	0.000	0.000	0.000
Sergio Romo 	SF 	67	2	0	0	0	0	0	0	0	2	0	0	0.000	0.000	0.000	0.000
Kyle McClellan 	STL 	67	2	0	1	0	0	0	0	0	0	0	0	0.500	0.500	0.500	1.000
Shawn Camp 	TOR 	4	1	0	1	0	0	0	0	0	0	0	0	1.000	1.000	1.000	2.000
Ryan Webb 	FLA 	51	1	0	0	0	0	0	0	0	1	0	0	0.000	0.000	0.000	0.000
Huston Street 	COL 	44	1	0	0	0	0	0	0	0	1	0	0	0.000	0.000	0.000	0.000
Ernesto Frieri 	SD 	33	1	0	0	0	0	0	0	0	1	0	0	0.000	0.000	0.000	0.000
Jesse Crain 	CWS 	5	1	0	0	0	0	0	0	0	1	0	0	0.000	0.000	0.000	0.000
Travis Schlichting 	LAD 	13	1	0	0	0	0	0	0	0	0	0	0	0.000	0.000	0.000	0.000
Bruce Chen 	KC 	1	1	0	1	0	0	0	0	0	0	0	0	1.000	1.000	1.000	2.000
Heath Bell 	SD 	64	1	0	0	0	0	0	0	0	0	0	0	0.000	0.000	0.000	0.000
Jeff Manship 	MIN 	2	1	0	0	0	0	0	0	0	1	0	0	0.000	0.000	0.000	0.000
Javier Vazquez 	FLA 	4	1	0	0	0	0	0	0	2	0	0	0	0.000	0.667	0.000	0.667
Luke French 	SEA 	1	1	0	0	0	0	0	0	0	1	0	0	0.000	0.000	0.000	0.000
Brian Sanches 	FLA 	57	1	0	0	0	0	0	0	0	0	0	0	0.000	0.000	0.000	0.000
Brian Tallet 	STL 	2	1	0	0	0	0	0	0	0	0	0	0	0.000	0.000	0.000	0.000
Sean O'Sullivan 	KC 	1	1	0	0	0	0	0	0	0	0	0	0	0.000	0.000	0.000	0.000
Casey Janssen 	TOR 	5	1	0	0	0	0	0	0	0	1	0	0	0.000	0.000	0.000	0.000
Trevor Bell 	LAA 	3	1	0	0	0	0	0	0	0	1	0	0	0.000	0.000	0.000	0.000
Dan Runzler 	SF 	40	1	0	0	0	0	0	0	0	1	0	0	0.000	0.000	0.000	0.000
Mariano Rivera 	NYY 	4	1	0	0	0	0	0	0	0	0	0	0	0.000	0.000	0.000	0.000
Takashi Saito 	MIL 	54	1	0	0	0	0	0	0	0	1	0	0	0.000	0.000	0.000	0.000
Gustavo Chacin 	HOU 	40	1	1	1	0	0	1	1	0	0	0	0	1.000	1.000	4.000	5.000
Chan Ho Park 	PIT 	31	1	0	0	0	0	0	0	0	0	0	0	0.000	0.000	0.000	0.000
Octavio Dotel 	TOR 	66	1	0	0	0	0	0	0	0	1	0	0	0.000	0.000	0.000	0.000
Trevor Hoffman 	MIL 	48	1	0	0	0	0	0	0	0	1	0	0	0.000	0.000	0.000	0.000
Evan Meek 	PIT 	66	1	0	1	0	0	0	0	0	0	0	0	1.000	1.000	1.000	2.000
Dana Eveland 	LAD 	2	1	0	0	0	0	0	0	0	0	0	0	0.000	0.000	0.000	0.000
Wade Davis 	TB 	1	1	0	0	0	0	0	0	0	0	0	0	0.000	0.000	0.000	0.000
Manny Delcarmen 	SEA 	13	1	0	0	0	0	0	0	0	1	0	0	0.000	0.000	0.000	0.000
Alexi Ogando 	TEX 	2	1	1	1	0	0	0	0	0	0	0	0	1.000	1.000	1.000	2.000
Nick Blackburn 	MIN 	2	1	0	0	0	0	0	0	0	0	0	0	0.000	0.000	0.000	0.000
Javier Lopez 	SF 	72	1	0	0	0	0	0	0	0	0	0	0	0.000	0.000	0.000	0.000
Brian Duensing 	MIN 	5	1	0	0	0	0	0	0	0	1	0	0	0.000	0.000	0.000	0.000
Matt Harrison 	TEX 	1	1	0	0	0	0	0	0	0	1	0	0	0.000	0.000	0.000	0.000
Daniel Ray Herrera 	CIN 	32	1	0	0	0	0	0	0	0	1	0	0	0.000	0.000	0.000	0.000
Rich Harden 	OAK 	1	1	0	0	0	0	0	0	0	0	0	0	0.000	0.000	0.000	0.000
A.J. Burnett 	NYY 	2	1	0	0	0	0	0	0	0	1	0	0	0.000	0.000	0.000	0.000
Jeremy Affeldt 	SF 	51	1	0	0	0	0	0	0	0	1	0	0	0.000	0.000	0.000	0.000
Aaron Heilman 	ARI 	67	1	0	0	0	0	0	0	0	1	0	0	0.000	0.000	0.000	0.000
Burke Badenhop 	FLA 	53	1	0	0	0	0	0	0	0	0	0	0	0.000	0.000	0.000	0.000
Ryan Madson 	PHI 	55	1	0	0	0	0	0	0	0	1	0	0	0.000	0.000	0.000	0.000
Clay Buchholz 	BOS 	1	1	0	1	0	0	0	0	0	0	0	0	1.000	1.000	1.000	2.000
Denny Bautista 	SEA 	29	1	0	1	0	0	0	1	0	0	0	0	1.000	1.000	1.000	2.000
Andy Sonnanstine 	TB 	5	1	0	0	0	0	0	0	0	1	0	0	0.000	0.000	0.000	0.000
Fernando Abad 	HOU 	22	1	0	0	0	0	0	0	0	1	0	0	0.000	0.000	0.000	0.000
Dallas Braden 	OAK 	1	1	0	0	0	0	0	0	0	0	0	0	0.000	0.000	0.000	0.000
Joe Beimel 	PIT 	69	1	0	0	0	0	0	0	0	1	0	0	0.000	0.000	0.000	0.000
Hong-Chih Kuo 	LAD 	54	1	0	0	0	0	0	0	1	1	0	0	0.000	0.500	0.000	0.500
Juan Rincon 	LAD 	2	1	0	0	0	0	0	0	0	0	0	0	0.000	0.000	0.000	0.000
Terry Evans 	SF 	1	1	0	0	0	0	0	0	0	1	0	0	0.000	0.000	0.000	0.000
Jesse Litsch 	TOR 	1	1	0	0	0	0	0	0	0	0	0	0	0.000	0.000	0.000	0.000
Luke Hochevar 	KC 	1	1	0	0	0	0	0	0	0	1	0	0	0.000	0.000	0.000	0.000
Dustin Nippert 	TEX 	2	1	0	0	0	0	0	0	0	0	0	0	0.000	0.000	0.000	0.000
Aaron Laffey 	SEA 	1	1	0	0	0	0	0	0	0	0	0	0	0.000	0.000	0.000	0.000
Kenley Jansen 	LAD 	26	1	1	1	0	0	0	0	1	0	0	0	1.000	1.000	1.000	2.000
Anthony Lerew 	OAK 	1	1	0	0	0	0	0	0	0	1	0	0	0.000	0.000	0.000	0.000
Phil Hughes 	NYY 	1	1	0	0	0	0	0	0	0	0	0	0	0.000	0.000	0.000	0.000
Jo-Jo Reyes 	TOR 	1	1	0	0	0	0	0	0	1	0	0	0	0.000	0.500	0.000	0.500
Rommie Lewis 	TOR 	2	1	0	0	0	0	0	0	0	1	0	0	0.000	0.000	0.000	0.000
Brian Bass 	PHI 	4	1	0	0	0	0	0	0	0	0	0	0	0.000	0.000	0.000	0.000
Jonny Venters 	ATL 	77	1	0	0	0	0	0	0	0	1	0	0	0.000	0.000	0.000	0.000
Taylor Buchholz 	NYM 	7	1	0	1	0	0	0	0	0	0	0	0	1.000	1.000	1.000	2.000
Andrew Carpenter 	PHI 	1	1	0	0	0	0	0	0	0	0	0	0	0.000	0.000	0.000	0.000
Rick Porcello 	DET 	1	1	0	0	0	0	0	0	0	1	0	0	0.000	0.000	0.000	0.000
Marco Estrada 	MIL 	5	1	0	0	0	0	0	0	0	0	0	0	0.000	0.000	0.000	0.000
Jesse Chavez 	KC 	27	1	0	0	0	0	0	0	0	1	0	0	0.000	0.000	0.000	0.000
Todd Coffey 	WAS 	67	1	0	0	0	0	0	0	0	0	0	0	0.000	0.000	0.000	0.000
Chris Tillman 	BAL 	1	1	0	0	0	0	0	0	0	0	0	0	0.000	0.000	0.000	0.000
Justin Thomas 	PIT 	10	1	0	0	0	0	0	0	0	1	0	0	0.000	0.000	0.000	0.000
Jeff Fulchino 	HOU 	46	1	0	0	0	0	0	0	0	1	0	0	0.000	0.000	0.000	0.000
Kanekoa Texeira 	KC 	4	1	0	0	0	0	0	0	0	1	0	0	0.000	0.000	0.000	0.000
Guillermo Mota 	SF 	55	1	0	0	0	0	0	0	0	1	0	0	0.000	0.000	0.000	0.000
Kyle Davies 	KC 	2	1	0	0	0	0	0	0	0	0	0	0	0.000	0.000	0.000	0.000
Matt Capps 	MIN 	46	1	0	0	0	0	0	0	0	1	0	0	0.000	0.000	0.000	0.000
Tommy Hunter 	TEX 	1	1	0	0	0	0	0	0	0	1	0	0	0.000	0.000	0.000	0.000
Scot Shields 	LAA 	3	1	0	0	0	0	0	0	0	1	0	0	0.000	0.000	0.000	0.000
Tyson Ross 	OAK 	4	1	0	0	0	0	0	0	0	1	0	0	0.000	0.000	0.000	0.000
Bobby Parnell 	NYM 	41	1	0	0	0	0	0	0	0	0	0	0	0.000	0.000	0.000	0.000
Francisco Cordero 	CIN 	70	1	0	0	0	0	0	0	0	0	0	0	0.000	0.000	0.000	0.000
Mike Lincoln 	CIN 	19	1	0	0	0	0	0	0	0	0	0	0	0.000	0.000	0.000	0.000

